NO_OF_FRAMES	5500
NO_OF_CAMERAS	11
NO_OF_BODIES	2
FREQUENCY	100
NO_OF_ANALOG	0
ANALOG_FREQUENCY	0
DESCRIPTION	--
TIME_STAMP	2024-02-26, 18:32:39.510	442281.92392820
DATA_INCLUDED	6D
BODY_NAMES	karlax_bottompart	karlax_upperpart
BODY_FILTERS	No filter	No filter
karlax_bottompart X	Y	Z	Roll	Pitch	Yaw	Residual	Rot[0]	Rot[1]	Rot[2]	Rot[3]	Rot[4]	Rot[5]	Rot[6]	Rot[7]	Rot[8]		karlax_upperpart X	Y	Z	Roll	Pitch	Yaw	Residual	Rot[0]	Rot[1]	Rot[2]	Rot[3]	Rot[4]	Rot[5]	Rot[6]	Rot[7]	Rot[8]	
196.19121	39.55757	950.81711	75.15526	77.85314	-178.05016	0.87940	-0.21030	-0.95315	0.21743	0.00716	-0.22390	-0.97459	0.97761	-0.20340	0.05391		207.91265	111.32095	1186.54160	-140.40273	85.24880	30.43836	0.39144	0.07141	-0.93802	0.33915	-0.04196	-0.34255	-0.93856	0.99656	0.05279	-0.06382	
196.12911	42.28600	950.72324	75.06910	77.84785	-177.87080	0.87265	-0.21036	-0.95351	0.21581	0.00782	-0.22238	-0.97493	0.97759	-0.20340	0.05424		207.72738	113.68228	1186.54884	-139.99219	85.28370	30.12767	0.39659	0.07111	-0.93862	0.33755	-0.04127	-0.34089	-0.93920	0.99661	0.05286	-0.06298	
196.12137	44.98853	950.62150	75.05192	77.71526	-177.80408	0.87048	-0.21261	-0.95323	0.21483	0.00815	-0.22158	-0.97511	0.97710	-0.20557	0.05488		207.54485	115.99083	1186.59327	-139.24454	85.28143	29.46428	0.38069	0.07162	-0.93907	0.33618	-0.04046	-0.33950	-0.93973	0.99661	0.05370	-0.06231	
196.46202	47.45065	950.55795	76.13887	78.71880	-178.64478	0.63372	-0.19557	-0.95752	0.21191	0.00463	-0.21698	-0.97616	0.98068	-0.18993	0.04687		207.54649	118.17763	1186.56618	-137.16754	85.17171	27.42286	0.44052	0.07471	-0.93907	0.33552	-0.03876	-0.33894	-0.94001	0.99645	0.05722	-0.06173	
196.38283	49.96293	950.46400	76.04163	78.57427	-178.48044	0.63141	-0.19803	-0.95730	0.21062	0.00525	-0.21591	-0.97640	0.98018	-0.19225	0.04778		207.34151	120.34577	1186.58800	-137.98701	85.34306	28.33435	0.48330	0.07146	-0.93980	0.33416	-0.03853	-0.33737	-0.94058	0.99670	0.05434	-0.06032	
196.34919	52.50517	950.34286	75.94607	78.50595	-178.30363	0.62084	-0.19918	-0.95739	0.20914	0.00590	-0.21459	-0.97669	0.97995	-0.19330	0.04839		207.12754	122.49855	1186.58825	-138.10545	85.43353	28.52356	0.48847	0.06995	-0.94030	0.33308	-0.03802	-0.33617	-0.94104	0.99683	0.05316	-0.05926	
196.27517	54.99198	950.23196	75.83384	78.38533	-178.08566	0.62074	-0.20122	-0.95738	0.20720	0.00673	-0.21287	-0.97706	0.97952	-0.19521	0.04927		206.86795	124.67808	1186.58377	-137.63174	85.43172	28.17174	0.46616	0.07021	-0.94099	0.33108	-0.03760	-0.33416	-0.94177	0.99682	0.05367	-0.05885	
196.20138	57.42409	950.15525	75.71706	78.36388	-177.89226	0.62285	-0.20156	-0.95760	0.20583	0.00742	-0.21163	-0.97732	0.97945	-0.19546	0.04976		206.68708	126.72170	1186.60044	-138.24777	85.60180	28.84500	0.50134	0.06717	-0.94149	0.33028	-0.03700	-0.33315	-0.94215	0.99706	0.05107	-0.05721	
196.14752	59.82845	950.05876	75.74542	78.21068	-177.86681	0.60434	-0.20417	-0.95727	0.20479	0.00761	-0.21074	-0.97751	0.97891	-0.19802	0.05031		206.45601	128.78258	1186.63600	-138.17279	85.61270	28.87070	0.46709	0.06699	-0.94208	0.32864	-0.03694	-0.33149	-0.94273	0.99707	0.05102	-0.05700	
196.03976	62.14294	950.01958	75.73051	78.18510	-177.77150	0.59240	-0.20460	-0.95748	0.20339	0.00796	-0.20941	-0.97780	0.97881	-0.19843	0.05047		206.29432	130.73178	1186.69467	-138.82764	85.73869	29.58800	0.49690	0.06462	-0.94257	0.32771	-0.03669	-0.33042	-0.94312	0.99724	0.04892	-0.05593	
195.87841	64.33948	950.00806	75.73058	78.17487	-177.66321	0.62323	-0.20476	-0.95784	0.20153	0.00836	-0.20760	-0.97818	0.97878	-0.19860	0.05051		206.10435	132.69303	1186.73045	-139.11452	85.78016	29.96540	0.46892	0.06375	-0.94313	0.32625	-0.03675	-0.32891	-0.94364	0.99729	0.04816	-0.05563	
195.71103	66.48096	950.00206	75.81557	78.13932	-177.69142	0.63003	-0.20537	-0.95791	0.20056	0.00828	-0.20663	-0.97839	0.97865	-0.19927	0.05036		205.96273	134.54783	1186.81774	-139.69095	85.85217	30.60235	0.48564	0.06226	-0.94356	0.32531	-0.03682	-0.32789	-0.94400	0.99738	0.04679	-0.05516	
195.48170	68.52061	950.02485	75.93500	77.98755	-177.75142	0.62340	-0.20796	-0.95758	0.19946	0.00817	-0.20561	-0.97860	0.97810	-0.20188	0.05058		205.82034	136.34531	1186.92692	-140.32941	85.89481	31.28298	0.49365	0.06118	-0.94385	0.32465	-0.03717	-0.32718	-0.94423	0.99743	0.04570	-0.05510	
195.26484	70.52310	950.03050	76.18822	77.91993	-177.98842	0.60734	-0.20915	-0.95738	0.19922	0.00735	-0.20525	-0.97868	0.97786	-0.20323	0.04996		205.71088	138.08969	1187.05755	-141.22169	85.93601	32.24056	0.47888	0.05994	-0.94429	0.32360	-0.03781	-0.32610	-0.94458	0.99749	0.04439	-0.05525	
194.97020	72.34486	950.16697	76.35353	77.92593	-178.08421	0.63646	-0.20906	-0.95763	0.19810	0.00699	-0.20403	-0.97894	0.97788	-0.20327	0.04935		205.61038	139.78271	1187.18732	-141.98615	85.95147	33.06205	0.48603	0.05917	-0.94466	0.32267	-0.03852	-0.32515	-0.94488	0.99750	0.04348	-0.05562	
194.68246	74.11198	950.30278	76.63411	77.88362	-178.32480	0.63476	-0.20981	-0.95759	0.19748	0.00614	-0.20326	-0.97911	0.97772	-0.20421	0.04852		205.52148	141.36908	1187.31818	-143.03769	85.94197	34.14931	0.48674	0.05856	-0.94490	0.32207	-0.03973	-0.32457	-0.94503	0.99749	0.04255	-0.05654	
194.35657	75.83077	950.44463	76.95124	77.74503	-178.65669	0.62072	-0.21220	-0.95701	0.19774	0.00498	-0.20340	-0.97908	0.97721	-0.20678	0.04792		205.46436	142.89740	1187.49398	-144.00224	85.93635	35.14508	0.47063	0.05795	-0.94512	0.32155	-0.04079	-0.32406	-0.94516	0.99749	0.04165	-0.05733	
193.99176	77.40111	950.64939	77.32539	77.65212	-179.02289	0.62133	-0.21382	-0.95667	0.19767	0.00365	-0.20313	-0.97915	0.97687	-0.20864	0.04692		205.45337	144.36807	1187.67639	-144.98831	85.94466	36.14863	0.48915	0.05711	-0.94527	0.32127	-0.04172	-0.32377	-0.94522	0.99750	0.04058	-0.05792	
193.57812	78.85402	950.88154	77.68166	77.67520	-179.34592	0.65588	-0.21344	-0.95683	0.19726	0.00244	-0.20243	-0.97929	0.97695	-0.20854	0.04554		205.42091	145.76446	1187.94153	-146.64621	85.94296	37.80256	0.50157	0.05590	-0.94531	0.32133	-0.04337	-0.32383	-0.94512	0.99749	0.03890	-0.05910	
193.21238	80.28512	951.06143	78.14854	77.57351	-179.84172	0.62356	-0.21519	-0.95632	0.19786	0.00059	-0.20273	-0.97923	0.97657	-0.21060	0.04419		205.43455	147.09137	1188.18346	-148.34782	85.93070	39.51257	0.50349	0.05475	-0.94543	0.32119	-0.04515	-0.32369	-0.94509	0.99748	0.03724	-0.06041	
192.76064	81.50116	951.40015	78.55010	77.60934	179.78091	0.63459	-0.21457	-0.95650	0.19763	-0.00082	-0.20217	-0.97935	0.97671	-0.21031	0.04260		205.38126	148.40487	1188.40394	-149.11583	85.83942	40.31341	0.46140	0.05532	-0.94560	0.32058	-0.04694	-0.32318	-0.94517	0.99736	0.03724	-0.06226	
192.35486	82.71418	951.58037	78.98008	77.48851	179.29433	0.61912	-0.21662	-0.95582	0.19869	-0.00267	-0.20294	-0.97919	0.97625	-0.21264	0.04141		205.38151	149.54610	1188.66491	-150.88625	85.82458	42.07150	0.49027	0.05405	-0.94561	0.32079	-0.04879	-0.32337	-0.94501	0.99735	0.03543	-0.06361	
191.86353	83.72054	951.87615	79.40806	77.43221	178.88454	0.64219	-0.21755	-0.95565	0.19851	-0.00424	-0.20246	-0.97928	0.97604	-0.21389	0.04000		205.39311	150.60968	1188.84682	-152.07071	85.78394	43.25458	0.49851	0.05354	-0.94564	0.32079	-0.05038	-0.32340	-0.94492	0.99729	0.03443	-0.06495	
191.42679	84.70257	952.14660	79.79420	77.40312	178.48492	0.63299	-0.21801	-0.95547	0.19888	-0.00577	-0.20252	-0.97926	0.97593	-0.21464	0.03864		205.36954	151.61190	1189.08711	-153.54688	85.73257	44.72638	0.48422	0.05287	-0.94566	0.32084	-0.05237	-0.32347	-0.94479	0.99723	0.03315	-0.06662	
190.97263	85.58154	952.34593	80.22402	77.31832	178.03491	0.65208	-0.21941	-0.95505	0.19935	-0.00753	-0.20266	-0.97922	0.97560	-0.21635	0.03728		205.37997	152.50593	1189.29184	-155.13603	85.71152	46.31785	0.48588	0.05165	-0.94573	0.32081	-0.05408	-0.32342	-0.94471	0.99720	0.03144	-0.06785	
190.53659	86.36099	952.58376	80.62543	77.26860	177.63081	0.63524	-0.22019	-0.95483	0.19953	-0.00911	-0.20253	-0.97923	0.97541	-0.21744	0.03590		205.34203	153.30441	1189.46502	-156.08835	85.64360	47.25719	0.49196	0.05155	-0.94568	0.32099	-0.05579	-0.32364	-0.94453	0.99711	0.03079	-0.06944	
190.15047	87.08971	952.77991	81.02064	77.18134	177.16551	0.60619	-0.22159	-0.95423	0.20085	-0.01097	-0.20352	-0.97901	0.97508	-0.21915	0.03463		205.29503	154.03674	1189.69410	-157.11023	85.59264	48.28961	0.46679	0.05113	-0.94577	0.32079	-0.05737	-0.32346	-0.94450	0.99704	0.02989	-0.07080	
189.77382	87.70198	952.98396	81.24689	77.09055	176.91306	0.61319	-0.22309	-0.95378	0.20134	-0.01203	-0.20384	-0.97893	0.97472	-0.22081	0.03400		205.27210	154.63098	1189.86112	-159.15891	85.62827	50.30754	0.50244	0.04868	-0.94570	0.32138	-0.05866	-0.32391	-0.94427	0.99709	0.02712	-0.07124	
189.35874	88.10821	953.22406	81.52744	77.05854	176.64227	0.63806	-0.22357	-0.95368	0.20128	-0.01312	-0.20354	-0.97898	0.97460	-0.22151	0.03300		205.19110	155.15421	1190.02210	-160.18089	85.59221	51.30133	0.49147	0.04805	-0.94557	0.32184	-0.05998	-0.32436	-0.94403	0.99704	0.02606	-0.07230	
189.02719	88.48357	953.41201	81.70044	76.95571	176.45033	0.64111	-0.22527	-0.95321	0.20162	-0.01397	-0.20376	-0.97892	0.97420	-0.22334	0.03258		205.08767	155.57287	1190.20794	-161.97998	85.60580	53.08747	0.49326	0.04602	-0.94558	0.32211	-0.06126	-0.32452	-0.94389	0.99706	0.02370	-0.07286	
188.71442	88.72518	953.56446	81.78371	76.83283	176.35228	0.63724	-0.22733	-0.95267	0.20184	-0.01449	-0.20393	-0.97888	0.97371	-0.22545	0.03255		204.96631	155.86502	1190.33188	-163.60066	85.63098	54.70308	0.48450	0.04402	-0.94563	0.32227	-0.06218	-0.32455	-0.94382	0.99709	0.02151	-0.07308	
188.45002	88.85062	953.73804	81.84555	76.73610	176.26768	0.64003	-0.22895	-0.95221	0.20220	-0.01494	-0.20426	-0.97880	0.97332	-0.22712	0.03254		204.92934	156.06364	1190.39098	-168.03453	85.72392	59.09129	0.48504	0.03830	-0.94554	0.32323	-0.06397	-0.32513	-0.94350	0.99722	0.01546	-0.07294	
188.23009	88.87214	953.90084	81.85118	76.61438	176.23314	0.62661	-0.23100	-0.95162	0.20263	-0.01521	-0.20471	-0.97871	0.97283	-0.22917	0.03281		204.81517	156.14372	1190.50409	-169.59958	85.76372	60.62363	0.49234	0.03624	-0.94541	0.32385	-0.06437	-0.32560	-0.94331	0.99727	0.01334	-0.07266	
188.06744	88.80596	954.08267	81.81056	76.53605	176.24072	0.63987	-0.23233	-0.95119	0.20313	-0.01527	-0.20525	-0.97859	0.97252	-0.23046	0.03317		204.68228	156.15409	1190.63697	-170.27487	85.77651	61.26717	0.49812	0.03540	-0.94525	0.32441	-0.06458	-0.32610	-0.94313	0.99728	0.01244	-0.07259	
187.98020	88.69933	954.21395	81.76212	76.45296	176.22305	0.61497	-0.23373	-0.95062	0.20419	-0.01543	-0.20635	-0.97836	0.97218	-0.23183	0.03356		204.53189	156.12853	1190.79442	-170.83932	85.78272	61.81969	0.48256	0.03473	-0.94520	0.32463	-0.06482	-0.32627	-0.94305	0.99729	0.01171	-0.07260	
187.87140	88.42503	954.38912	81.64619	76.36974	176.30688	0.60238	-0.23517	-0.95017	0.20463	-0.01518	-0.20692	-0.97824	0.97184	-0.23316	0.03424		204.39414	155.95298	1190.95416	-171.42116	85.81480	62.37066	0.46863	0.03384	-0.94505	0.32518	-0.06466	-0.32675	-0.94290	0.99733	0.01089	-0.07216	
187.79432	88.02153	954.57808	81.49537	76.30958	176.42049	0.61396	-0.23621	-0.94980	0.20515	-0.01478	-0.20759	-0.97810	0.97159	-0.23407	0.03500		204.24815	155.72571	1191.09821	-171.90259	85.84634	62.83447	0.45734	0.03307	-0.94496	0.32550	-0.06444	-0.32702	-0.94282	0.99737	0.01020	-0.07171	
187.74578	87.43306	954.78224	81.27159	76.30405	176.64417	0.63118	-0.23636	-0.94978	0.20504	-0.01386	-0.20770	-0.97809	0.97157	-0.23403	0.03593		204.09777	155.36655	1191.24245	-172.30121	85.89504	63.18307	0.46425	0.03229	-0.94469	0.32637	-0.06389	-0.32782	-0.94258	0.99743	0.00959	-0.07094	
187.77825	86.78211	954.96423	80.98177	76.22758	176.90587	0.63580	-0.23772	-0.94938	0.20533	-0.01285	-0.20830	-0.97798	0.97125	-0.23512	0.03732		203.90984	154.91635	1191.37642	-173.22183	85.97662	64.06671	0.45961	0.03068	-0.94451	0.32706	-0.06310	-0.32839	-0.94243	0.99754	0.00828	-0.06967	
187.86408	86.06804	955.12853	80.67555	76.15063	177.17259	0.63386	-0.23908	-0.94894	0.20580	-0.01181	-0.20909	-0.97783	0.97093	-0.23621	0.03878		203.71129	154.33937	1191.52214	-174.42290	86.07990	65.22375	0.48011	0.02865	-0.94429	0.32788	-0.06207	-0.32906	-0.94227	0.99766	0.00664	-0.06804	
188.03533	85.33870	955.28850	80.25982	76.03174	177.51671	0.61483	-0.24116	-0.94821	0.20673	-0.01046	-0.21046	-0.97755	0.97043	-0.23790	0.04084		203.51662	153.68597	1191.68920	-174.84570	86.17545	65.57819	0.47856	0.02758	-0.94391	0.32906	-0.06073	-0.33016	-0.94197	0.99777	0.00599	-0.06643	
188.21337	84.42266	955.47725	79.88924	76.00054	177.86647	0.62721	-0.24175	-0.94803	0.20687	-0.00901	-0.21099	-0.97745	0.97030	-0.23816	0.04247		203.34621	152.98046	1191.87008	-175.14803	86.28690	65.85394	0.46405	0.02649	-0.94376	0.32956	-0.05909	-0.33058	-0.94193	0.99790	0.00548	-0.06453	
188.45997	83.50272	955.63156	79.37639	75.89526	178.33647	0.62149	-0.24359	-0.94747	0.20726	-0.00707	-0.21195	-0.97725	0.96985	-0.23952	0.04493		203.16405	152.18070	1192.04019	-176.53397	86.42094	67.18607	0.48769	0.02420	-0.94348	0.33055	-0.05754	-0.33141	-0.94173	0.99805	0.00377	-0.06231	
188.72972	82.46135	955.80966	78.86819	75.84158	178.83345	0.62328	-0.24455	-0.94725	0.20714	-0.00498	-0.21240	-0.97717	0.96962	-0.24000	0.04722		202.98474	151.32691	1192.17034	-177.62805	86.54832	68.25030	0.46496	0.02231	-0.94332	0.33112	-0.05592	-0.33186	-0.94167	0.99819	0.00249	-0.06016	
189.05242	81.36957	955.96287	78.31178	75.73087	179.36258	0.60721	-0.24646	-0.94674	0.20722	-0.00274	-0.21313	-0.97702	0.96915	-0.24137	0.04993		202.81854	150.40303	1192.28152	-177.31705	86.67683	67.88414	0.46384	0.02182	-0.94300	0.33207	-0.05370	-0.33278	-0.94148	0.99832	0.00271	-0.05790	
189.39819	80.15426	956.16856	77.76453	75.68245	179.91496	0.64058	-0.24730	-0.94661	0.20680	-0.00037	-0.21334	-0.97698	0.96894	-0.24168	0.05241		202.65395	149.45306	1192.40541	-178.69109	86.82760	69.21052	0.46891	0.01964	-0.94274	0.33294	-0.05174	-0.33352	-0.94132	0.99847	0.00126	-0.05533	
189.80846	78.91695	956.32606	77.20645	75.61351	-179.57297	0.63259	-0.24845	-0.94622	0.20722	0.00185	-0.21439	-0.97675	0.96864	-0.24229	0.05502		202.50326	148.41391	1192.60132	179.60931	86.98151	70.85236	0.48643	0.01727	-0.94242	0.33398	-0.04974	-0.33443	-0.94111	0.99861	-0.00036	-0.05266	
190.24622	77.68198	956.48745	76.62176	75.50370	-179.05864	0.62040	-0.25028	-0.94557	0.20800	0.00411	-0.21587	-0.97641	0.96816	-0.24352	0.05792		202.38625	147.33728	1192.72073	179.38213	87.12078	71.03376	0.46903	0.01633	-0.94215	0.33478	-0.04750	-0.33518	-0.94096	0.99874	-0.00054	-0.05023	
190.69327	76.30530	956.68055	76.01073	75.44893	-178.46159	0.63262	-0.25115	-0.94537	0.20785	0.00675	-0.21644	-0.97627	0.96792	-0.24379	0.06074		202.27874	146.24836	1192.84735	178.02605	87.26759	72.33976	0.45683	0.01446	-0.94187	0.33567	-0.04542	-0.33598	-0.94077	0.99886	-0.00164	-0.04764	
191.18958	74.92677	956.86012	75.43507	75.38950	-177.94977	0.64630	-0.25209	-0.94496	0.20856	0.00902	-0.21781	-0.97595	0.96766	-0.24414	0.06343		202.19874	145.11243	1192.96673	177.49266	87.40519	72.80202	0.44644	0.01339	-0.94145	0.33688	-0.04325	-0.33714	-0.94046	0.99897	-0.00198	-0.04523	
191.69598	73.43041	957.00695	74.89730	75.30360	-177.43571	0.64143	-0.25344	-0.94460	0.20858	0.01135	-0.21851	-0.97577	0.96728	-0.24493	0.06610		202.15223	143.93580	1193.08247	175.78969	87.54853	74.46163	0.42957	0.01146	-0.94120	0.33765	-0.04121	-0.33783	-0.94030	0.99908	-0.00314	-0.04266	
192.25424	71.93822	957.18785	74.34438	75.26390	-176.97256	0.62162	-0.25401	-0.94418	0.20976	0.01343	-0.22030	-0.97534	0.96711	-0.24493	0.06864		202.15811	142.71686	1193.17630	175.31815	87.68347	74.84556	0.43015	0.01057	-0.94068	0.33912	-0.03901	-0.33927	-0.93988	0.99918	-0.00330	-0.04029	
192.79874	70.36054	957.35732	73.79324	75.16656	-176.50046	0.62024	-0.25553	-0.94356	0.21069	0.01563	-0.22192	-0.97494	0.96667	-0.24584	0.07145		202.18221	141.47552	1193.27868	174.64752	87.83768	75.40044	0.48087	0.00951	-0.94000	0.34105	-0.03651	-0.34117	-0.93929	0.99929	-0.00352	-0.03757	
193.30750	68.71472	957.52321	73.23354	75.13661	-175.97482	0.64349	-0.25588	-0.94342	0.21092	0.01801	-0.22280	-0.97470	0.96654	-0.24561	0.07400		202.13929	140.20012	1193.40048	-179.89708	87.93262	69.90496	0.44938	0.01239	-0.93974	0.34167	-0.03388	-0.34189	-0.93913	0.99935	0.00006	-0.03607	
193.87580	67.00918	957.74496	72.78629	75.08386	-175.58597	0.62976	-0.25664	-0.94306	0.21160	0.01981	-0.22402	-0.97438	0.96630	-0.24588	0.07618		202.24478	138.85013	1193.47886	177.07111	88.06226	72.84106	0.44463	0.00998	-0.93918	0.34329	-0.03231	-0.34343	-0.93862	0.99943	-0.00173	-0.03377	
194.43476	65.34244	957.90202	72.32536	74.91232	-175.24847	0.61995	-0.25940	-0.94194	0.21321	0.02156	-0.22636	-0.97380	0.96553	-0.24801	0.07903		202.40124	137.45721	1193.59662	175.45836	88.19296	74.34983	0.45816	0.00851	-0.93855	0.34503	-0.03036	-0.34513	-0.93806	0.99950	-0.00250	-0.03143	
194.96239	63.53904	958.18736	71.86198	74.94713	-174.84509	0.63493	-0.25866	-0.94196	0.21402	0.02333	-0.22759	-0.97348	0.96569	-0.24681	0.08085		202.52740	136.09980	1193.73406	175.06313	88.27765	74.68336	0.44416	0.00794	-0.93818	0.34606	-0.02899	-0.34614	-0.93774	0.99955	-0.00259	-0.02994	
195.52892	61.71267	958.38145	71.54616	74.83207	-174.61977	0.60721	-0.26050	-0.94118	0.21522	0.02453	-0.22930	-0.97305	0.96516	-0.24819	0.08282		202.73244	134.58709	1193.87792	172.69720	88.38350	76.92554	0.45146	0.00638	-0.93743	0.34811	-0.02748	-0.34815	-0.93704	0.99960	-0.00359	-0.02798	
196.04782	59.86730	958.64787	71.18176	74.74677	-174.34477	0.60813	-0.26181	-0.94054	0.21641	0.02593	-0.23101	-0.97261	0.96477	-0.24902	0.08486		202.92506	133.10884	1194.03200	172.86218	88.45325	76.70226	0.43014	0.00621	-0.93708	0.34907	-0.02627	-0.34911	-0.93671	0.99964	-0.00335	-0.02678	
196.56876	57.92620	958.91592	70.85016	74.73532	-174.08763	0.61159	-0.26188	-0.94028	0.21748	0.02712	-0.23242	-0.97224	0.96472	-0.24871	0.08637		203.17258	131.55555	1194.20655	169.53674	88.50648	79.94061	0.43009	0.00455	-0.93654	0.35052	-0.02566	-0.35052	-0.93620	0.99966	-0.00473	-0.02563	
197.05433	55.96612	959.24793	70.55544	74.68843	-173.87888	0.60658	-0.26256	-0.93980	0.21870	0.02816	-0.23402	-0.97182	0.96450	-0.24901	0.08791		203.47487	129.92343	1194.41583	166.17484	88.58384	83.19631	0.45357	0.00293	-0.93589	0.35228	-0.02454	-0.35224	-0.93559	0.99969	-0.00591	-0.02400	
197.50159	53.95645	959.56900	70.35930	74.65080	-173.70757	0.63356	-0.26311	-0.93959	0.21895	0.02901	-0.23455	-0.97167	0.96433	-0.24930	0.08897		203.76657	128.25868	1194.65131	167.01666	88.63011	82.28374	0.43436	0.00321	-0.93546	0.35343	-0.02369	-0.35340	-0.93517	0.99971	-0.00537	-0.02330	
197.97769	51.93397	959.90589	70.19584	74.67135	-173.60806	0.62709	-0.26271	-0.93946	0.21998	0.02943	-0.23568	-0.97138	0.96443	-0.24872	0.08957		204.10872	126.49006	1194.89736	164.73552	88.67584	84.50069	0.43244	0.00221	-0.93506	0.35449	-0.02300	-0.35445	-0.93479	0.99973	-0.00608	-0.02229	
198.41468	49.89312	960.22989	70.04050	74.59264	-173.50125	0.63689	-0.26397	-0.93897	0.22059	0.03007	-0.23660	-0.97114	0.96406	-0.24972	0.09069		204.43732	124.66814	1195.13602	164.77528	88.69080	84.41257	0.43811	0.00222	-0.93476	0.35528	-0.02274	-0.35524	-0.93450	0.99974	-0.00600	-0.02205	
198.88839	47.84450	960.57821	69.95082	74.55874	-173.45569	0.63794	-0.26452	-0.93866	0.22123	0.03034	-0.23739	-0.97094	0.96390	-0.25012	0.09128		204.76928	122.81486	1195.44193	163.26053	88.70731	85.89581	0.42785	0.00161	-0.93456	0.35580	-0.02250	-0.35575	-0.93431	0.99975	-0.00650	-0.02160	
199.32128	45.83341	960.90757	69.83311	74.51642	-173.36194	0.64272	-0.26517	-0.93841	0.22151	0.03086	-0.23787	-0.97081	0.96371	-0.25060	0.09204		205.14424	120.90841	1195.74806	163.10960	88.72682	86.00804	0.43948	0.00155	-0.93432	0.35643	-0.02217	-0.35638	-0.93408	0.99975	-0.00646	-0.02126	
199.83772	43.80960	961.24550	69.73600	74.51296	-173.33839	0.63061	-0.26522	-0.93812	0.22269	0.03098	-0.23913	-0.97049	0.96369	-0.25049	0.09248		205.58153	118.90339	1196.06224	160.12401	88.75110	88.97158	0.43552	0.00039	-0.93418	0.35681	-0.02179	-0.35673	-0.93395	0.99976	-0.00741	-0.02050	
200.31102	41.71975	961.61162	69.68192	74.47587	-173.22206	0.62813	-0.26577	-0.93823	0.22155	0.03159	-0.23816	-0.97071	0.96352	-0.25099	0.09293		205.98121	116.88513	1196.38641	158.78226	88.77374	90.29853	0.43300	-0.00011	-0.93408	0.35705	-0.02140	-0.35697	-0.93387	0.99977	-0.00775	-0.01995	
200.85525	39.71154	961.86649	69.65388	74.42702	-173.22198	0.60730	-0.26659	-0.93791	0.22193	0.03169	-0.23866	-0.97059	0.96329	-0.25172	0.09334		206.48074	114.81424	1196.70389	146.91609	88.68902	102.17534	0.42806	-0.00483	-0.93412	0.35692	-0.02236	-0.35674	-0.93394	0.99974	-0.01249	-0.01917	
201.38327	37.62201	962.26066	69.59479	74.35299	-173.09756	0.62686	-0.26776	-0.93788	0.22067	0.03241	-0.23767	-0.97081	0.96294	-0.25279	0.09404		206.94132	112.65613	1197.06557	147.43854	88.71490	101.67113	0.41520	-0.00454	-0.93424	0.35662	-0.02196	-0.35645	-0.93406	0.99975	-0.01207	-0.01890	
202.02006	35.62892	962.63367	69.56478	74.29984	-173.08249	0.60858	-0.26863	-0.93759	0.22081	0.03259	-0.23796	-0.97073	0.96269	-0.25357	0.09448		207.46319	110.46091	1197.49907	144.62762	88.71989	104.51067	0.41230	-0.00560	-0.93441	0.35616	-0.02163	-0.35597	-0.93425	0.99975	-0.01293	-0.01822	
202.67604	33.58983	963.02056	69.55531	74.23170	-173.00801	0.61148	-0.26973	-0.93756	0.21960	0.03308	-0.23693	-0.97096	0.96237	-0.25463	0.09492		208.00409	108.25604	1198.02479	139.22801	88.70238	109.97009	0.41504	-0.00773	-0.93476	0.35520	-0.02128	-0.35498	-0.93463	0.99974	-0.01479	-0.01715	
203.33448	31.53424	963.60172	69.44731	74.13560	-172.82188	0.63396	-0.27122	-0.93749	0.21805	0.03416	-0.23577	-0.97121	0.96191	-0.25596	0.09597		208.58359	106.01081	1198.57304	137.06258	88.71950	112.16117	0.45655	-0.00843	-0.93491	0.35479	-0.02070	-0.35456	-0.93480	0.99975	-0.01522	-0.01636	
204.10707	29.57455	964.21423	69.49289	74.02525	-172.81448	0.59779	-0.27305	-0.93721	0.21699	0.03442	-0.23494	-0.97140	0.96138	-0.25777	0.09641		209.20504	103.76358	1199.29162	131.65468	88.68147	117.66129	0.39531	-0.01068	-0.93545	0.35330	-0.02038	-0.35304	-0.93539	0.99974	-0.01719	-0.01529	
204.88649	27.55236	965.02482	69.48348	73.92669	-172.70804	0.63493	-0.27463	-0.93716	0.21518	0.03514	-0.23342	-0.97174	0.96091	-0.25931	0.09704		209.88561	101.48020	1200.17808	127.41438	88.63065	121.97913	0.40466	-0.01266	-0.93590	0.35204	-0.02027	-0.35176	-0.93587	0.99971	-0.01898	-0.01452	
205.71690	25.59133	965.95995	69.50928	73.86250	-172.64915	0.63385	-0.27566	-0.93721	0.21365	0.03556	-0.23205	-0.97205	0.96060	-0.26036	0.09730		210.63259	99.13855	1201.21429	121.46867	88.55042	128.00021	0.41135	-0.01557	-0.93631	0.35082	-0.01993	-0.35050	-0.93635	0.99968	-0.02158	-0.01321	
206.60080	23.68350	967.03197	69.62291	73.78008	-172.66072	0.63042	-0.27704	-0.93721	0.21185	0.03568	-0.23036	-0.97245	0.96020	-0.26185	0.09726		211.47655	96.75150	1202.42703	119.06142	88.51285	130.53517	0.41039	-0.01687	-0.93707	0.34873	-0.01972	-0.34840	-0.93714	0.99966	-0.02269	-0.01261	
207.50422	21.80419	968.26177	69.76028	73.74927	-172.66992	0.65193	-0.27755	-0.93754	0.20971	0.03570	-0.22820	-0.97296	0.96005	-0.26256	0.09681		212.40430	94.34043	1203.83830	117.73528	88.48448	131.97969	0.40653	-0.01769	-0.93777	0.34680	-0.01966	-0.34646	-0.93786	0.99965	-0.02341	-0.01231	
208.43669	19.95891	969.70897	70.01270	73.78230	-172.77426	0.63766	-0.27707	-0.93820	0.20740	0.03513	-0.22560	-0.97359	0.96021	-0.26247	0.09546		213.41646	91.95949	1205.42330	118.07408	88.46957	131.75323	0.38684	-0.01779	-0.93845	0.34496	-0.01992	-0.34462	-0.93853	0.99964	-0.02357	-0.01257	
209.38780	18.17302	971.29264	70.17137	73.80278	-172.78816	0.63848	-0.27674	-0.93881	0.20507	0.03502	-0.22312	-0.97416	0.96031	-0.26241	0.09462		214.51780	89.55319	1207.24595	122.44559	88.50700	127.51765	0.36935	-0.01587	-0.93930	0.34273	-0.02067	-0.34240	-0.93933	0.99966	-0.02199	-0.01398	
210.35273	16.46793	972.99875	70.47378	73.87543	-172.91196	0.62689	-0.27560	-0.93974	0.20234	0.03427	-0.21996	-0.97491	0.96066	-0.26175	0.09283		215.55263	87.24361	1209.08341	121.87719	88.39458	128.33325	0.45420	-0.01738	-0.94074	0.33869	-0.02198	-0.33830	-0.94078	0.99961	-0.02379	-0.01480	
211.33537	14.84915	974.78776	70.73116	73.96906	-173.00026	0.63053	-0.27410	-0.94073	0.19977	0.03365	-0.21698	-0.97560	0.96111	-0.26069	0.09113		216.66842	84.86380	1211.07083	126.23090	88.43317	124.21098	0.48037	-0.01537	-0.94213	0.33489	-0.02261	-0.33451	-0.94212	0.99963	-0.02206	-0.01616	
212.34919	13.39932	976.57557	71.06457	74.11573	-173.14507	0.62265	-0.27174	-0.94200	0.19698	0.03267	-0.21360	-0.97638	0.96182	-0.25888	0.08881		217.76168	82.53701	1213.17345	132.72484	88.49966	117.94072	0.44994	-0.01227	-0.94348	0.33119	-0.02313	-0.33086	-0.94340	0.99966	-0.01923	-0.01776	
213.37511	11.95080	978.53921	71.32688	74.30333	-173.16780	0.62592	-0.26862	-0.94364	0.19334	0.03218	-0.20940	-0.97730	0.96271	-0.25630	0.08662		218.89288	80.16767	1215.31677	133.48271	88.48244	117.37112	0.49779	-0.01218	-0.94457	0.32809	-0.02352	-0.32775	-0.94447	0.99965	-0.01922	-0.01822	
214.41471	10.55582	980.47156	71.51989	74.42766	-173.14983	0.62568	-0.26654	-0.94490	0.19004	0.03202	-0.20574	-0.97808	0.96329	-0.25461	0.08509		219.99099	77.84846	1217.53321	139.92896	88.57324	111.15639	0.44371	-0.00899	-0.94593	0.32425	-0.02322	-0.32397	-0.94578	0.99969	-0.01603	-0.01905	
215.50894	9.24639	982.36970	71.78268	74.49883	-173.16423	0.61650	-0.26536	-0.94603	0.18605	0.03181	-0.20145	-0.97898	0.96362	-0.25386	0.08355		220.99637	75.59324	1219.73367	145.04381	88.62483	106.29203	0.45868	-0.00673	-0.94736	0.32009	-0.02304	-0.31986	-0.94718	0.99971	-0.01375	-0.01967	
216.67431	7.96167	984.27941	71.90614	74.56794	-173.07280	0.60405	-0.26415	-0.94705	0.18255	0.03209	-0.19780	-0.97972	0.96395	-0.25294	0.08264		221.96959	73.34389	1221.91713	146.90019	88.65698	104.68307	0.47388	-0.00594	-0.94875	0.31598	-0.02267	-0.31578	-0.94856	0.99973	-0.01280	-0.01963	
217.80082	6.66048	986.14201	71.93561	74.53099	-172.82281	0.62213	-0.26463	-0.94783	0.17773	0.03332	-0.19318	-0.98060	0.96377	-0.25357	0.08271		222.90463	71.08329	1224.02657	145.32877	88.69463	106.48113	0.48991	-0.00646	-0.94998	0.31223	-0.02184	-0.31203	-0.94982	0.99974	-0.01296	-0.01874	
219.02280	5.38500	987.99752	71.90852	74.55576	-172.55498	0.62484	-0.26406	-0.94875	0.17363	0.03451	-0.18920	-0.98133	0.96389	-0.25313	0.08270		223.82577	68.85167	1226.10056	143.33945	88.75913	108.67840	0.47068	-0.00694	-0.95111	0.30878	-0.02052	-0.30859	-0.95097	0.99977	-0.01293	-0.01737	
220.25455	4.20309	989.78229	71.77814	74.47030	-172.19069	0.63420	-0.26525	-0.94918	0.16942	0.03638	-0.18545	-0.98198	0.96349	-0.25431	0.08372		224.70307	66.66856	1228.15278	141.36923	88.84650	110.88139	0.44017	-0.00718	-0.95235	0.30491	-0.01881	-0.30474	-0.95225	0.99980	-0.01257	-0.01573	
221.53520	3.02588	991.46940	71.63913	74.42284	-171.80759	0.63284	-0.26580	-0.94979	0.16509	0.03827	-0.18151	-0.98264	0.96327	-0.25487	0.08459		225.46226	64.60349	1230.06973	142.87454	88.97090	109.60716	0.40769	-0.00603	-0.95359	0.30105	-0.01692	-0.30092	-0.95350	0.99984	-0.01084	-0.01432	
222.84729	1.87216	993.06147	71.42289	74.31122	-171.36719	0.63465	-0.26735	-0.95006	0.16096	0.04059	-0.17799	-0.98319	0.96274	-0.25632	0.08615		226.18980	62.58091	1231.91900	132.52969	89.00851	120.18240	0.43573	-0.00870	-0.95477	0.29722	-0.01496	-0.29708	-0.95474	0.99985	-0.01275	-0.01170	
224.24728	0.74265	994.55233	71.14141	74.27014	-170.88470	0.59730	-0.26768	-0.95058	0.15728	0.04295	-0.17485	-0.98366	0.96255	-0.25655	0.08763		226.96415	60.52066	1233.66777	127.86420	89.14985	125.01395	0.42020	-0.00851	-0.95563	0.29444	-0.01215	-0.29433	-0.95563	0.99989	-0.01171	-0.00911	
225.59868	-0.48491	996.04290	70.78553	74.08704	-170.29558	0.65455	-0.27025	-0.95059	0.15279	0.04622	-0.17132	-0.98413	0.96168	-0.25890	0.09023		227.65633	58.51103	1235.34879	109.68813	89.04111	143.42667	0.42858	-0.01344	-0.95678	0.29049	-0.00997	-0.29038	-0.95686	0.99986	-0.01576	-0.00564	
227.02767	-1.66699	997.33785	70.42085	74.02076	-169.74471	0.59336	-0.27089	-0.95097	0.14927	0.04901	-0.16850	-0.98448	0.96136	-0.25937	0.09225		228.29603	56.48193	1236.91216	99.25665	89.14867	154.01682	0.38410	-0.01336	-0.95759	0.28782	-0.00651	-0.28776	-0.95768	0.99989	-0.01466	-0.00239	
228.42901	-2.99230	998.60495	69.92107	73.83978	-169.01190	0.62227	-0.27322	-0.95101	0.14468	0.05305	-0.16507	-0.98485	0.96049	-0.26141	0.09555		228.87330	54.50747	1238.26914	85.25142	88.98406	168.20856	0.45429	-0.01736	-0.95847	0.28467	-0.00362	-0.28465	-0.95862	0.99984	-0.01767	0.00147	
229.87478	-4.26713	999.68401	69.43978	73.62531	-168.33022	0.62303	-0.27609	-0.95079	0.14060	0.05702	-0.16223	-0.98510	0.95944	-0.26396	0.09901		229.34945	52.53502	1239.54902	73.96063	88.81489	179.68549	0.43171	-0.02068	-0.95934	0.28151	-0.00011	-0.28157	-0.95954	0.99979	-0.01988	0.00571	
231.30186	-5.56296	1000.73905	68.90479	73.46056	-167.60661	0.63637	-0.27804	-0.95079	0.13675	0.06110	-0.15958	-0.98529	0.95862	-0.26560	0.10246		229.69551	50.63211	1240.72827	59.15362	88.89790	-165.33601	0.41236	-0.01861	-0.96023	0.27860	0.00487	-0.27874	-0.96036	0.99981	-0.01651	0.00986	
232.76180	-6.80695	1001.63941	68.30575	73.18437	-166.87317	0.61504	-0.28173	-0.95015	0.13358	0.06570	-0.15800	-0.98525	0.95724	-0.26880	0.10694		230.02150	48.72939	1241.78737	51.91942	88.63428	-157.95306	0.41856	-0.02209	-0.96089	0.27604	0.00895	-0.27629	-0.96103	0.99972	-0.01876	0.01470	
234.18930	-8.18078	1002.49287	67.72272	72.95097	-166.10579	0.62026	-0.28461	-0.94984	0.12962	0.07040	-0.15556	-0.98532	0.95605	-0.27131	0.11115		230.27451	46.84341	1242.75383	47.43499	88.28750	-153.33458	0.41883	-0.02671	-0.96145	0.27368	0.01341	-0.27410	-0.96161	0.99955	-0.02201	0.02021	
235.54587	-9.53754	1003.28323	67.00126	72.64485	-165.19981	0.64193	-0.28840	-0.94926	0.12541	0.07620	-0.15331	-0.98524	0.95447	-0.27458	0.11655		230.43032	44.96624	1243.61061	44.44007	87.93151	-150.20236	0.42361	-0.03132	-0.96200	0.27124	0.01794	-0.27187	-0.96217	0.99935	-0.02527	0.02577	
236.93310	-10.99643	1003.92605	66.35957	72.39056	-164.39020	0.61645	-0.29137	-0.94885	0.12161	0.08141	-0.15125	-0.98514	0.95314	-0.27714	0.12131		230.49663	43.10485	1244.31979	41.40049	87.57656	-147.05386	0.42063	-0.03548	-0.96242	0.26925	0.02300	-0.27014	-0.96255	0.99911	-0.02796	0.03172	
238.26253	-12.47161	1004.47942	65.78630	71.84781	-163.71735	0.65306	-0.29905	-0.94687	0.11839	0.08735	-0.15071	-0.98471	0.95023	-0.28413	0.12778		230.46986	41.19786	1244.93737	38.77491	87.18268	-144.35396	0.39182	-0.03994	-0.96265	0.26780	0.02864	-0.26901	-0.96271	0.99879	-0.03078	0.03832	
239.50913	-14.07921	1004.94020	65.11213	71.53983	-162.85492	0.67419	-0.30257	-0.94628	0.11403	0.09334	-0.14849	-0.98450	0.94854	-0.28724	0.13326		230.40644	39.16524	1245.52350	34.96933	86.84167	-140.55420	0.36829	-0.04255	-0.96256	0.26770	0.03500	-0.26922	-0.96244	0.99848	-0.03158	0.04515	
240.74025	-15.64838	1005.32241	64.45604	71.10534	-162.11893	0.66860	-0.30819	-0.94480	0.11123	0.09943	-0.14827	-0.98394	0.94612	-0.29218	0.13964		230.17569	37.33547	1245.89612	34.21939	86.39828	-139.74261	0.36912	-0.04794	-0.96267	0.26638	0.04060	-0.26835	-0.96247	0.99802	-0.03533	0.05195	
241.87071	-17.33148	1005.62855	63.73538	70.72834	-161.28935	0.69063	-0.31260	-0.94373	0.10797	0.10588	-0.14758	-0.98337	0.94396	-0.29597	0.14605		229.84206	35.55474	1246.15787	33.86644	85.92325	-139.34116	0.34954	-0.05393	-0.96268	0.26522	0.04632	-0.26773	-0.96238	0.99747	-0.03962	0.05903	
242.98670	-18.98638	1005.72752	63.07541	70.40088	-160.56329	0.66300	-0.31632	-0.94276	0.10558	0.11162	-0.14751	-0.98274	0.94206	-0.29908	0.15189		229.46700	33.76952	1246.28300	33.68538	85.45013	-139.14087	0.35274	-0.06000	-0.96252	0.26451	0.05190	-0.26763	-0.96212	0.99685	-0.04400	0.06601	
244.01833	-20.71685	1005.81772	62.35082	69.98921	-159.81265	0.66152	-0.32118	-0.94134	0.10357	0.11809	-0.14832	-0.98186	0.93963	-0.30312	0.15880		229.04156	32.10788	1246.22470	33.28308	84.99818	-138.74211	0.35125	-0.06554	-0.96225	0.26416	0.05750	-0.26793	-0.96172	0.99619	-0.04785	0.07289	
244.95391	-22.47276	1005.82517	61.64608	69.62785	-159.07675	0.64197	-0.32516	-0.94019	0.10158	0.12432	-0.14898	-0.98099	0.93745	-0.30635	0.16533		228.58613	30.51208	1246.05744	33.58069	84.50590	-139.06659	0.35854	-0.07233	-0.96178	0.26411	0.06273	-0.26867	-0.96119	0.99541	-0.05296	0.07976	
245.84944	-24.30272	1005.62494	61.03455	69.24368	-158.46771	0.63667	-0.32966	-0.93877	0.10013	0.13007	-0.15021	-0.98006	0.93510	-0.31006	0.17163		228.13321	28.93437	1245.74178	33.45572	84.06868	-138.96347	0.35319	-0.07795	-0.96137	0.26400	0.06784	-0.26931	-0.96066	0.99465	-0.05697	0.08621	
246.68762	-26.12194	1005.29444	60.56116	68.76973	-158.04364	0.61436	-0.33585	-0.93667	0.09929	0.13540	-0.15232	-0.97901	0.93213	-0.31536	0.17798		227.67606	27.40190	1245.26953	33.65841	83.60200	-139.23956	0.34397	-0.08441	-0.96064	0.26468	0.07276	-0.27086	-0.95987	0.99377	-0.06176	0.09275	
247.43815	-28.01231	1004.90593	60.01770	68.45182	-157.55145	0.62408	-0.33945	-0.93542	0.09883	0.14025	-0.15423	-0.97803	0.93011	-0.31813	0.18354		227.27427	25.88265	1244.65194	33.21599	83.24902	-138.87825	0.36401	-0.08856	-0.96001	0.26560	0.07731	-0.27246	-0.95905	0.99307	-0.06440	0.09835	
248.10503	-29.97013	1004.36342	59.48969	68.13760	-157.06760	0.64102	-0.34295	-0.93420	0.09825	0.14510	-0.15602	-0.97704	0.92808	-0.32082	0.18905		226.85083	24.58969	1243.82559	35.37886	82.70044	-141.02547	0.39639	-0.09878	-0.95930	0.26457	0.07992	-0.27265	-0.95879	0.99190	-0.07356	0.10359	
248.70142	-31.89326	1003.69566	59.15428	67.79131	-156.80316	0.63222	-0.34742	-0.93256	0.09814	0.14888	-0.15819	-0.97612	0.92581	-0.32452	0.19380		226.57414	23.14845	1242.94990	35.18619	82.39753	-140.93149	0.37520	-0.10272	-0.95854	0.26578	0.08338	-0.27455	-0.95795	0.99121	-0.07624	0.10813	
249.23854	-33.79982	1002.94758	58.87344	67.47607	-156.61118	0.62189	-0.35159	-0.93096	0.09845	0.15207	-0.16056	-0.97524	0.92372	-0.32792	0.19802		226.35738	21.75066	1241.99999	35.64016	82.06351	-141.48764	0.39984	-0.10804	-0.95762	0.26699	0.08598	-0.27655	-0.95714	0.99042	-0.08046	0.11221	
249.71813	-35.62904	1002.02686	58.64772	67.22453	-156.51135	0.59913	-0.35504	-0.92953	0.09961	0.15429	-0.16335	-0.97443	0.92203	-0.33060	0.20142		226.24151	20.39662	1240.94026	35.66886	81.82925	-141.63087	0.39656	-0.11143	-0.95680	0.26853	0.08822	-0.27867	-0.95633	0.98985	-0.08287	0.11546	
250.09503	-37.53296	1001.04251	58.42850	67.06889	-156.37462	0.60485	-0.35697	-0.92871	0.10033	0.15614	-0.16522	-0.97382	0.92097	-0.33195	0.20399		226.22054	19.01733	1239.80998	35.87056	81.64672	-141.92877	0.40547	-0.11437	-0.95609	0.26985	0.08958	-0.28045	-0.95568	0.98939	-0.08513	0.11772	
250.29853	-39.39356	999.97673	58.53732	66.75887	-156.54272	0.61035	-0.36199	-0.92676	0.10041	0.15708	-0.16682	-0.97340	0.91885	-0.33659	0.20596		226.27817	17.61406	1238.61550	36.38172	81.47227	-142.54648	0.43570	-0.11772	-0.95526	0.27133	0.09018	-0.28239	-0.95505	0.98894	-0.08796	0.11938	
250.49734	-41.18602	998.85525	58.42228	66.69773	-156.56618	0.58308	-0.36295	-0.92616	0.10247	0.15732	-0.16930	-0.97293	0.91843	-0.33701	0.20715		226.44089	16.20649	1237.38933	36.25048	81.44753	-142.53836	0.40018	-0.11804	-0.95465	0.27335	0.09045	-0.28446	-0.95441	0.98888	-0.08794	0.11993	
250.58538	-42.99938	997.72095	58.44703	66.68128	-156.70102	0.58945	-0.36357	-0.92571	0.10430	0.15657	-0.17109	-0.97274	0.91832	-0.33732	0.20714		226.68759	14.82028	1236.16118	36.78559	81.37601	-143.18095	0.43901	-0.12004	-0.95392	0.27502	0.08986	-0.28632	-0.95391	0.98869	-0.08979	0.12009	
250.54231	-44.82456	996.53996	58.48692	66.73093	-156.82350	0.59947	-0.36317	-0.92569	0.10590	0.15548	-0.17228	-0.97270	0.91866	-0.33679	0.20649		226.97435	13.47166	1234.90371	37.07909	81.44695	-143.55219	0.43613	-0.11963	-0.95356	0.27643	0.08836	-0.28755	-0.95368	0.98888	-0.08967	0.11865	
250.41066	-46.53587	995.30493	58.64410	66.77728	-157.13139	0.56722	-0.36331	-0.92530	0.10874	0.15324	-0.17448	-0.97266	0.91898	-0.33672	0.20518		227.34715	12.12987	1233.67163	37.08164	81.61263	-143.65024	0.37893	-0.11748	-0.95328	0.27829	0.08646	-0.28899	-0.95342	0.98930	-0.08795	0.11637	
250.18978	-48.24620	994.08866	58.82044	66.88949	-157.42116	0.56857	-0.36242	-0.92536	0.11118	0.15070	-0.17591	-0.97280	0.91975	-0.33581	0.20321		227.76155	10.77720	1232.41720	37.92014	81.70339	-144.56993	0.39921	-0.11758	-0.95283	0.27979	0.08365	-0.29025	-0.95329	0.98953	-0.08868	0.11383	
249.92498	-49.93695	992.91708	58.87006	67.20631	-157.60294	0.60896	-0.35819	-0.92660	0.11450	0.14761	-0.17730	-0.97302	0.92191	-0.33163	0.20029		228.25520	9.37625	1231.22166	38.41187	81.85567	-145.19933	0.43854	-0.11633	-0.95224	0.28233	0.08085	-0.29240	-0.95287	0.98991	-0.08802	0.11101	
249.52280	-51.56733	991.69577	59.23345	67.33994	-158.07823	0.61187	-0.35741	-0.92658	0.11713	0.14383	-0.17852	-0.97337	0.92281	-0.33104	0.19708		228.72557	8.09566	1230.00754	39.37140	82.01399	-146.25073	0.45060	-0.11552	-0.95180	0.28412	0.07718	-0.29377	-0.95275	0.99030	-0.08813	0.10740	
249.02940	-53.15786	990.49404	59.62931	67.52247	-158.57484	0.59572	-0.35590	-0.92682	0.11974	0.13966	-0.17944	-0.97381	0.92403	-0.32986	0.19330		229.21357	6.81604	1228.82693	39.70399	82.32575	-146.65472	0.39673	-0.11156	-0.95178	0.28579	0.07341	-0.29469	-0.95277	0.99104	-0.08531	0.10274	
248.43843	-54.65327	989.29292	60.06692	67.67316	-159.11446	0.59729	-0.35493	-0.92686	0.12230	0.13543	-0.18042	-0.97422	0.92503	-0.32922	0.18956		229.74712	5.57577	1227.61924	42.02505	82.40065	-149.01863	0.38823	-0.11338	-0.95130	0.28667	0.06807	-0.29529	-0.95298	0.99122	-0.08853	0.09824	
247.80324	-56.15674	988.07924	60.51596	67.84023	-159.67847	0.60041	-0.35371	-0.92694	0.12514	0.13099	-0.18157	-0.97462	0.92614	-0.32834	0.18565		230.20772	4.26774	1226.47447	43.30707	82.56051	-150.39278	0.39456	-0.11257	-0.95085	0.28848	0.06397	-0.29665	-0.95284	0.99158	-0.08881	0.09422	
247.12976	-57.58061	986.88938	61.04525	67.97843	-160.29640	0.61207	-0.35300	-0.92689	0.12751	0.12642	-0.18229	-0.97508	0.92704	-0.32809	0.18152		230.58329	3.06615	1225.28935	44.51670	82.79010	-151.63165	0.38617	-0.11043	-0.95084	0.28933	0.05963	-0.29692	-0.95304	0.99209	-0.08799	0.08949	
246.40718	-58.95736	985.65867	61.61399	68.02641	-160.94843	0.61137	-0.35368	-0.92635	0.12955	0.12214	-0.18306	-0.97549	0.92736	-0.32919	0.17789		230.95364	1.87412	1224.08479	46.08456	82.98136	-153.26012	0.38674	-0.10912	-0.95058	0.29066	0.05498	-0.29773	-0.95307	0.99251	-0.08802	0.08475	
245.63226	-60.31160	984.41862	62.16360	68.12032	-161.53499	0.62992	-0.35347	-0.92624	0.13093	0.11803	-0.18301	-0.97600	0.92797	-0.32954	0.17401		231.29215	0.65610	1222.84760	47.89503	83.06164	-155.09734	0.40818	-0.10957	-0.95034	0.29129	0.05087	-0.29803	-0.95320	0.99268	-0.08962	0.08100	
244.89010	-61.55483	983.14170	62.74923	68.13813	-162.19200	0.61628	-0.35453	-0.92558	0.13271	0.11388	-0.18362	-0.97638	0.92808	-0.33104	0.17050		231.58244	-0.52784	1221.61467	49.51095	83.22778	-156.73976	0.34774	-0.10834	-0.95025	0.29203	0.04657	-0.29828	-0.95334	0.99302	-0.08968	0.07657	
244.14293	-62.78489	981.82448	63.31627	68.13866	-162.79597	0.63079	-0.35570	-0.92497	0.13385	0.11014	-0.18370	-0.97679	0.92809	-0.33270	0.16721		231.81954	-1.74490	1220.35373	51.57766	83.22353	-158.83589	0.38328	-0.11004	-0.94987	0.29263	0.04260	-0.29865	-0.95341	0.99301	-0.09244	0.07333	
243.43722	-63.96938	980.45473	63.88913	68.14060	-163.41328	0.61997	-0.35684	-0.92434	0.13514	0.10629	-0.18389	-0.97718	0.92810	-0.33433	0.16387		232.02723	-2.90765	1219.02971	53.55896	83.21647	-160.84215	0.40831	-0.11158	-0.94953	0.29317	0.03876	-0.29894	-0.95348	0.99300	-0.09502	0.07016	
242.68063	-65.16591	979.03354	64.44160	68.04650	-163.99095	0.64079	-0.35936	-0.92326	0.13583	0.10310	-0.18394	-0.97752	0.92749	-0.33727	0.16129		232.17711	-4.01074	1217.65783	55.35800	83.26109	-162.64703	0.38174	-0.11200	-0.94939	0.29344	0.03500	-0.29889	-0.95365	0.99309	-0.09654	0.06670	
241.94655	-66.30050	977.62565	64.93498	67.99480	-164.53282	0.63059	-0.36112	-0.92240	0.13699	0.09992	-0.18433	-0.97777	0.92715	-0.33941	0.15874		232.27040	-5.12910	1216.27081	57.31343	83.20653	-164.60336	0.41144	-0.11405	-0.94912	0.29355	0.03141	-0.29878	-0.95381	0.99298	-0.09956	0.06388	
