NO_OF_FRAMES	2000
NO_OF_CAMERAS	11
NO_OF_BODIES	1
FREQUENCY	100
NO_OF_ANALOG	0
ANALOG_FREQUENCY	0
DESCRIPTION	--
TIME_STAMP	2024-02-26, 14:22:28.415	427270.82799610
DATA_INCLUDED	6D
BODY_NAMES	karlax_bottompart
BODY_FILTERS	No filter
karlax_bottompart X	Y	Z	Roll	Pitch	Yaw	Residual	Rot[0]	Rot[1]	Rot[2]	Rot[3]	Rot[4]	Rot[5]	Rot[6]	Rot[7]	Rot[8]	
130.49350	60.29257	972.47456	-136.87372	86.76836	41.93966	0.26465	0.04193	-0.99549	0.08515	-0.03768	-0.08674	-0.99552	0.99841	0.03854	-0.04114	
130.94970	60.00791	973.12678	-130.05772	86.98532	35.25717	0.27366	0.04294	-0.99563	0.08296	-0.03036	-0.08430	-0.99598	0.99862	0.04025	-0.03385	
131.51633	59.63852	973.74905	-123.91073	87.34207	29.20752	0.28089	0.04048	-0.99585	0.08147	-0.02263	-0.08243	-0.99634	0.99892	0.03849	-0.02587	
132.21159	59.15741	974.45071	-115.56630	87.48010	20.89734	0.30106	0.04107	-0.99587	0.08101	-0.01568	-0.08171	-0.99653	0.99903	0.03966	-0.01897	
132.84128	58.57225	975.01698	-108.14423	88.00330	13.49944	0.25549	0.03388	-0.99615	0.08079	-0.00813	-0.08111	-0.99667	0.99939	0.03311	-0.01085	
133.41671	57.77996	975.75881	-93.98345	88.06180	-0.57830	0.33264	0.03382	-0.99626	0.07949	0.00034	-0.07953	-0.99683	0.99943	0.03374	-0.00235	
134.02643	57.02304	976.46699	-79.22819	88.15256	-15.31716	0.32449	0.03109	-0.99636	0.07934	0.00852	-0.07911	-0.99683	0.99948	0.03167	0.00603	
134.66488	56.13847	977.17385	-61.80205	88.16090	-32.78871	0.32034	0.02698	-0.99641	0.08024	0.01738	-0.07979	-0.99666	0.99948	0.02828	0.01516	
135.23613	55.26229	977.87645	-47.49452	88.02487	-47.18079	0.25804	0.02343	-0.99637	0.08178	0.02528	-0.08119	-0.99638	0.99941	0.02541	0.02329	
135.69979	54.16817	978.71499	-40.43609	87.65810	-54.22607	0.32238	0.02389	-0.99637	0.08165	0.03315	-0.08084	-0.99618	0.99916	0.02650	0.03110	
136.24755	53.15601	979.49070	-38.22020	87.22363	-56.55738	0.26885	0.02669	-0.99613	0.08380	0.04042	-0.08268	-0.99576	0.99883	0.02997	0.03805	
136.53412	51.94711	980.36637	-35.87147	86.83109	-58.91383	0.34255	0.02854	-0.99605	0.08406	0.04734	-0.08265	-0.99545	0.99847	0.03239	0.04479	
136.82737	50.66789	981.33384	-35.02402	86.49191	-59.84994	0.20827	0.03073	-0.99584	0.08573	0.05291	-0.08403	-0.99506	0.99813	0.03512	0.05011	
136.94560	49.49083	982.25181	-32.46953	86.19621	-62.53843	0.24213	0.03059	-0.99564	0.08815	0.05886	-0.08624	-0.99453	0.99780	0.03561	0.05597	
136.99361	48.12691	983.21809	-31.91632	85.89658	-63.20882	0.22012	0.03225	-0.99539	0.09031	0.06388	-0.08812	-0.99406	0.99744	0.03783	0.06074	
136.94580	46.82255	984.12292	-30.39767	85.65417	-64.93051	0.19224	0.03211	-0.99506	0.09391	0.06864	-0.09154	-0.99343	0.99712	0.03834	0.06536	
136.73983	45.35934	985.08978	-30.57980	85.35166	-64.86946	0.19701	0.03442	-0.99477	0.09617	0.07337	-0.09345	-0.99292	0.99671	0.04123	0.06977	
136.48446	44.02155	986.01600	-29.68563	85.14796	-65.97009	0.18654	0.03444	-0.99441	0.09982	0.07725	-0.09693	-0.99229	0.99642	0.04189	0.07348	
136.14219	42.54678	986.94295	-30.65146	84.82818	-65.15314	0.21067	0.03788	-0.99400	0.10261	0.08180	-0.09925	-0.99169	0.99593	0.04596	0.07755	
135.89558	41.22544	987.78085	-27.34981	84.65177	-68.67744	0.12412	0.03389	-0.99374	0.10641	0.08683	-0.10314	-0.99087	0.99565	0.04282	0.08279	
135.50823	39.76134	988.53859	-27.41150	84.37376	-68.73487	0.16803	0.03556	-0.99345	0.10862	0.09136	-0.10500	-0.99027	0.99518	0.04513	0.08703	
135.20491	38.57268	989.21418	-25.42461	84.22527	-70.94106	0.14399	0.03286	-0.99312	0.11237	0.09510	-0.10881	-0.98950	0.99493	0.04320	0.09087	
134.88825	37.14636	989.86844	-26.30190	83.94037	-70.08851	0.16590	0.03595	-0.99294	0.11301	0.09925	-0.10897	-0.98908	0.99441	0.04678	0.09463	
134.71779	35.99552	990.29862	-24.81158	83.78167	-71.69797	0.10047	0.03401	-0.99278	0.11505	0.10284	-0.11102	-0.98848	0.99412	0.04545	0.09832	
134.54111	34.70130	990.69139	-25.54724	83.50145	-70.93503	0.14381	0.03697	-0.99270	0.11479	0.10697	-0.11028	-0.98813	0.99357	0.04881	0.10211	
134.40649	33.73040	990.91632	-21.87404	83.34276	-74.73512	0.24927	0.03052	-0.99269	0.11674	0.11184	-0.11267	-0.98732	0.99326	0.04319	0.10758	
134.43905	32.66392	991.20916	-21.79451	83.13596	-74.76973	0.26068	0.03140	-0.99275	0.11607	0.11532	-0.11175	-0.98702	0.99283	0.04437	0.11097	
134.43196	31.58727	991.39803	-21.76756	82.87891	-74.66562	0.39891	0.03278	-0.99295	0.11394	0.11955	-0.10929	-0.98679	0.99229	0.04597	0.11513	
134.69054	30.54300	991.60715	-21.92254	82.69817	-74.35800	0.34577	0.03427	-0.99318	0.11143	0.12239	-0.10648	-0.98675	0.99189	0.04745	0.11791	
135.03619	29.69109	991.75209	-20.70671	82.56997	-75.46371	0.26135	0.03246	-0.99346	0.10946	0.12518	-0.10461	-0.98660	0.99160	0.04572	0.12096	
135.35666	28.77595	991.86001	-19.33613	82.40190	-76.65453	0.34101	0.03052	-0.99387	0.10628	0.12865	-0.10154	-0.98648	0.99122	0.04378	0.12477	
135.76121	27.76953	992.08729	-19.59844	82.20950	-76.10802	0.38415	0.03254	-0.99430	0.10152	0.13159	-0.09643	-0.98660	0.99077	0.04547	0.12770	
136.26283	26.86491	992.23676	-19.57193	82.04204	-75.88351	0.40862	0.03377	-0.99468	0.09728	0.13427	-0.09194	-0.98667	0.99037	0.04638	0.13045	
137.02800	25.81715	992.47820	-18.44057	82.04109	-76.62955	0.34627	0.03202	-0.99538	0.09049	0.13471	-0.08541	-0.98720	0.99037	0.04380	0.13135	
137.73820	25.17971	992.56705	-17.91463	81.95586	-76.99072	0.19543	0.03150	-0.99566	0.08762	0.13634	-0.08256	-0.98722	0.99016	0.04304	0.13315	
138.31757	24.45427	992.74049	-16.17662	81.81878	-78.46296	0.23053	0.02846	-0.99616	0.08284	0.13943	-0.07811	-0.98715	0.98982	0.03965	0.13667	
138.97558	23.45544	993.15028	-15.48744	81.67549	-78.69965	0.35101	0.02837	-0.99678	0.07500	0.14197	-0.07025	-0.98737	0.98946	0.03866	0.13952	
139.72029	22.67166	993.49200	-15.18151	81.59639	-78.70607	0.27636	0.02862	-0.99715	0.06983	0.14332	-0.06504	-0.98754	0.98926	0.03827	0.14105	
140.34857	21.89559	993.83100	-13.02610	81.48357	-80.60188	0.35742	0.02418	-0.99759	0.06503	0.14611	-0.06083	-0.98740	0.98897	0.03338	0.14428	
141.08807	21.03670	994.27775	-11.71630	81.41887	-81.63622	0.35563	0.02170	-0.99796	0.06007	0.14762	-0.05623	-0.98744	0.98881	0.03030	0.14610	
141.78302	20.16418	994.73812	-10.41216	81.35016	-82.73051	0.34786	0.01903	-0.99824	0.05624	0.14919	-0.05278	-0.98740	0.98863	0.02718	0.14792	
142.46436	19.45229	995.09932	-9.50558	81.37057	-83.55287	0.24971	0.01685	-0.99837	0.05461	0.14909	-0.05150	-0.98748	0.98868	0.02478	0.14798	
143.17720	18.47803	995.67350	-8.48441	81.34422	-84.36683	0.27367	0.01477	-0.99860	0.05085	0.14977	-0.04807	-0.98755	0.98861	0.02220	0.14885	
143.80407	17.26181	996.40468	-7.06080	81.32716	-85.41662	0.39303	0.01205	-0.99895	0.04413	0.15031	-0.04182	-0.98775	0.98857	0.01854	0.14965	
144.45883	16.24905	997.08133	-5.35455	81.33281	-86.92467	0.42306	0.00808	-0.99915	0.04038	0.15048	-0.03871	-0.98786	0.98858	0.01406	0.15004	
145.08658	15.49497	997.61125	-4.17165	81.36138	-88.07943	0.25992	0.00503	-0.99920	0.03966	0.15012	-0.03845	-0.98792	0.98866	0.01093	0.14980	
145.61659	14.32736	998.43534	-3.05263	81.38964	-88.85336	0.38844	0.00300	-0.99943	0.03348	0.14968	-0.03266	-0.98819	0.98873	0.00797	0.14950	
146.16008	13.60088	998.96432	-1.40752	81.45169	-90.45637	0.24896	-0.00118	-0.99947	0.03244	0.14864	-0.03225	-0.98837	0.98889	0.00365	0.14860	
146.60620	12.66312	999.62420	0.03974	81.49780	-91.72635	0.26519	-0.00445	-0.99957	0.02910	0.14778	-0.02944	-0.98858	0.98901	-0.00010	0.14785	
147.00549	11.76644	1000.28353	0.91328	81.54255	-92.42788	0.27077	-0.00623	-0.99964	0.02597	0.14694	-0.02660	-0.98879	0.98913	-0.00234	0.14706	
147.35824	10.67004	1001.08423	2.63340	81.58850	-93.78618	0.42553	-0.00966	-0.99976	0.01941	0.14596	-0.02061	-0.98908	0.98924	-0.00672	0.14613	
147.66599	9.83578	1001.63941	3.91540	81.62278	-94.86047	0.41652	-0.01234	-0.99980	0.01559	0.14517	-0.01722	-0.98926	0.98933	-0.00995	0.14535	
147.97136	9.25673	1002.01349	5.57186	81.64317	-96.49792	0.26773	-0.01645	-0.99975	0.01497	0.14440	-0.01719	-0.98937	0.98938	-0.01411	0.14465	
148.22352	8.26194	1002.59360	6.61672	81.65541	-97.19566	0.37581	-0.01818	-0.99980	0.00879	0.14398	-0.01131	-0.98952	0.98941	-0.01672	0.14416	
148.49736	7.78726	1002.84857	8.02620	81.67539	-98.53368	0.24914	-0.02148	-0.99974	0.00731	0.14318	-0.01031	-0.98964	0.98946	-0.02022	0.14336	
148.70104	6.87008	1003.32811	8.84349	81.67336	-98.99639	0.38819	-0.02265	-0.99974	0.00104	0.14303	-0.00427	-0.98971	0.98946	-0.02226	0.14309	
148.95621	6.20397	1003.58684	10.04833	81.66399	-99.97823	0.38677	-0.02512	-0.99968	-0.00303	0.14279	-0.00059	-0.98975	0.98943	-0.02530	0.14275	
149.22738	5.57260	1003.78093	11.03335	81.65321	-100.74345	0.39224	-0.02706	-0.99961	-0.00700	0.14262	0.00307	-0.98977	0.98941	-0.02778	0.14248	
149.53502	5.19281	1003.77829	12.06520	81.62629	-101.70828	0.27916	-0.02955	-0.99953	-0.00835	0.14260	0.00405	-0.98977	0.98934	-0.03044	0.14241	
149.81671	4.37330	1004.02878	12.81126	81.58445	-102.08250	0.42011	-0.03063	-0.99942	-0.01492	0.14311	0.01038	-0.98965	0.98923	-0.03245	0.14271	
150.13937	3.79266	1004.04706	13.62007	81.52509	-102.68613	0.36628	-0.03237	-0.99930	-0.01863	0.14378	0.01379	-0.98951	0.98908	-0.03470	0.14323	
150.44956	3.18605	1004.06705	15.21960	81.41340	-104.09821	0.39716	-0.03637	-0.99909	-0.02221	0.14481	0.01672	-0.98932	0.98879	-0.03920	0.14407	
150.78524	2.53790	1004.05393	16.25848	81.32391	-104.95908	0.39341	-0.03894	-0.99892	-0.02551	0.14574	0.01958	-0.98913	0.98856	-0.04223	0.14482	
151.14751	2.06553	1003.88580	17.34152	81.22585	-106.01420	0.25800	-0.04208	-0.99877	-0.02625	0.14662	0.01981	-0.98899	0.98830	-0.04547	0.14561	
151.45016	1.16398	1003.98051	18.37157	81.10972	-106.74715	0.40187	-0.04453	-0.99851	-0.03163	0.14799	0.02472	-0.98868	0.98799	-0.04871	0.14667	
151.75591	0.42129	1003.85813	19.43141	80.98582	-107.67782	0.39779	-0.04758	-0.99828	-0.03414	0.14928	0.02669	-0.98843	0.98765	-0.05212	0.14775	
152.03889	-0.34135	1003.84354	20.17677	80.88099	-108.31583	0.41062	-0.04980	-0.99810	-0.03620	0.15046	0.02834	-0.98821	0.98736	-0.05466	0.14876	
152.30485	-0.88911	1003.57134	20.91890	80.77222	-109.13395	0.26139	-0.05256	-0.99800	-0.03511	0.15150	0.02678	-0.98809	0.98706	-0.05726	0.14979	
152.55264	-1.70866	1003.43431	21.21702	80.70548	-109.37421	0.24276	-0.05358	-0.99791	-0.03622	0.15236	0.02768	-0.98794	0.98687	-0.05845	0.15056	
152.73899	-2.55793	1003.34911	21.87206	80.62695	-109.98355	0.25187	-0.05566	-0.99776	-0.03719	0.15306	0.02828	-0.98781	0.98665	-0.06067	0.15114	
152.90383	-3.40494	1003.32173	22.60989	80.53728	-110.71326	0.25081	-0.05815	-0.99760	-0.03754	0.15378	0.02820	-0.98770	0.98639	-0.06321	0.15177	
153.01954	-4.56600	1003.43334	23.61085	80.43837	-111.56548	0.40984	-0.06106	-0.99732	-0.04037	0.15448	0.03052	-0.98752	0.98611	-0.06653	0.15220	
153.16348	-5.46837	1003.42196	24.02272	80.38561	-111.99759	0.37976	-0.06256	-0.99723	-0.04014	0.15486	0.03004	-0.98748	0.98595	-0.06799	0.15255	
153.27432	-6.19926	1003.28726	24.72025	80.29381	-112.84107	0.25327	-0.06544	-0.99714	-0.03784	0.15538	0.02728	-0.98748	0.98569	-0.07050	0.15315	
153.32524	-7.35779	1003.48676	26.07888	80.17648	-114.10539	0.38918	-0.06968	-0.99677	-0.03982	0.15574	0.02855	-0.98739	0.98534	-0.07500	0.15324	
153.36070	-8.34005	1003.58185	27.11375	80.06831	-115.20570	0.41330	-0.07345	-0.99654	-0.03898	0.15605	0.02712	-0.98738	0.98501	-0.07861	0.15352	
153.43570	-9.34499	1003.67851	27.88602	79.99343	-116.03754	0.38589	-0.07627	-0.99636	-0.03816	0.15613	0.02586	-0.98740	0.98479	-0.08127	0.15358	
153.50476	-10.39102	1003.82370	28.67765	79.92901	-116.91644	0.38572	-0.07916	-0.99618	-0.03685	0.15592	0.02414	-0.98747	0.98459	-0.08392	0.15342	
153.60386	-11.22546	1003.88368	28.62687	79.94452	-117.11742	0.23078	-0.07959	-0.99630	-0.03249	0.15541	0.01979	-0.98765	0.98464	-0.08365	0.15326	
153.68306	-12.49101	1004.28864	29.55289	79.87875	-118.02403	0.40613	-0.08257	-0.99604	-0.03304	0.15513	0.01990	-0.98769	0.98444	-0.08668	0.15287	
153.85301	-13.61220	1004.59482	30.24507	79.82970	-118.86375	0.38763	-0.08524	-0.99589	-0.03066	0.15464	0.01718	-0.98782	0.98429	-0.08894	0.15254	
154.13334	-14.73392	1005.03882	30.09359	79.94527	-118.84522	0.31805	-0.08423	-0.99605	-0.02820	0.15293	0.01504	-0.98812	0.98464	-0.08754	0.15106	
154.42678	-15.77156	1005.46893	30.49789	79.94147	-119.38955	0.28272	-0.08571	-0.99598	-0.02584	0.15218	0.01255	-0.98827	0.98463	-0.08864	0.15049	
154.78480	-16.54581	1005.92197	30.88576	79.90968	-120.08362	0.18074	-0.08782	-0.99592	-0.02065	0.15160	0.00713	-0.98842	0.98453	-0.08994	0.15036	
155.11961	-17.67930	1006.64615	32.15957	79.72922	-121.41742	0.38898	-0.09294	-0.99547	-0.02002	0.15216	0.00567	-0.98834	0.98398	-0.09491	0.15094	
155.68395	-18.67735	1007.43391	31.78300	79.85357	-121.17249	0.32937	-0.09119	-0.99568	-0.01754	0.15073	0.00361	-0.98857	0.98436	-0.09279	0.14975	
156.26683	-19.39065	1008.14873	31.41621	79.89291	-121.13113	0.16059	-0.09073	-0.99581	-0.01182	0.15022	-0.00195	-0.98865	0.98448	-0.09147	0.14976	
156.92159	-20.44861	1009.25317	31.97928	79.84097	-121.72299	0.30012	-0.09274	-0.99562	-0.01147	0.15003	-0.00259	-0.98868	0.98432	-0.09341	0.14961	
157.51966	-21.17188	1010.28130	31.70973	79.88026	-121.63504	0.28821	-0.09216	-0.99571	-0.00825	0.14960	-0.00566	-0.98873	0.98444	-0.09235	0.14948	
158.13625	-21.84629	1011.46855	31.16840	80.02941	-121.17399	0.27098	-0.08963	-0.99595	-0.00659	0.14814	-0.00679	-0.98894	0.98490	-0.08961	0.14815	
158.73610	-22.38722	1012.76476	30.02264	80.21552	-120.13857	0.27439	-0.08533	-0.99634	-0.00430	0.14697	-0.00832	-0.98911	0.98545	-0.08503	0.14714	
159.32856	-22.78457	1014.09445	28.82574	80.38604	-119.03484	0.31045	-0.08106	-0.99671	-0.00232	0.14602	-0.00957	-0.98924	0.98596	-0.08052	0.14631	
159.96253	-23.07934	1015.65027	26.91195	80.62208	-117.17411	0.33179	-0.07442	-0.99723	-0.00087	0.14496	-0.00996	-0.98939	0.98664	-0.07375	0.14530	
160.72386	-23.23511	1017.18418	24.45623	80.85513	-114.76595	0.30066	-0.06658	-0.99778	0.00056	0.14431	-0.01018	-0.98948	0.98729	-0.06580	0.14467	
161.55260	-23.16380	1018.72780	21.72496	81.07466	-112.19704	0.17770	-0.05861	-0.99827	0.00399	0.14365	-0.01239	-0.98955	0.98789	-0.05743	0.14413	
162.37559	-23.39837	1020.51565	20.83446	81.02765	-111.27808	0.31420	-0.05660	-0.99839	0.00359	0.14533	-0.01180	-0.98931	0.98776	-0.05547	0.14576	
163.40616	-23.28607	1022.23139	18.88061	81.08147	-109.47196	0.26429	-0.05168	-0.99864	0.00651	0.14616	-0.01401	-0.98916	0.98791	-0.05017	0.14669	
164.48769	-23.34050	1024.10522	16.61934	81.09989	-107.22405	0.26048	-0.04581	-0.99892	0.00714	0.14777	-0.01384	-0.98892	0.98796	-0.04425	0.14825	
165.64144	-23.42050	1026.05212	13.94721	81.08298	-104.57434	0.32282	-0.03900	-0.99921	0.00799	0.15002	-0.01376	-0.98859	0.98791	-0.03736	0.15043	
166.89514	-23.41311	1027.98094	11.50768	81.00280	-102.20482	0.33092	-0.03306	-0.99941	0.00962	0.15285	-0.01457	-0.98814	0.98770	-0.03120	0.15324	
168.17822	-23.42011	1029.82256	9.25210	80.89653	-100.03185	0.30582	-0.02756	-0.99955	0.01144	0.15580	-0.01560	-0.98767	0.98740	-0.02544	0.15616	
169.54292	-23.34917	1031.55389	7.22154	80.72868	-98.20541	0.27512	-0.02299	-0.99962	0.01532	0.15946	-0.01880	-0.98703	0.98694	-0.02025	0.15983	
170.93016	-23.59105	1033.49654	4.46322	80.54456	-95.52743	0.33944	-0.01582	-0.99973	0.01727	0.16352	-0.01963	-0.98635	0.98641	-0.01278	0.16378	
172.33144	-23.75078	1035.18729	2.19862	80.27694	-93.45646	0.33777	-0.01018	-0.99973	0.02109	0.16858	-0.02250	-0.98543	0.98564	-0.00648	0.16876	
173.81566	-23.99950	1036.78807	0.22765	80.01923	-91.73191	0.31798	-0.00524	-0.99965	0.02579	0.17324	-0.02631	-0.98453	0.98487	-0.00069	0.17332	
175.27331	-24.35234	1038.35688	-0.90725	79.70570	-90.84692	0.32935	-0.00264	-0.99954	0.03037	0.17868	-0.03036	-0.98344	0.98390	0.00283	0.17868	
176.71793	-24.79566	1039.82101	-2.31146	79.40547	-89.73032	0.34404	0.00087	-0.99936	0.03571	0.18386	-0.03494	-0.98233	0.98295	0.00742	0.18371	
178.11757	-25.32649	1041.19287	-3.82064	79.12849	-88.52992	0.30625	0.00484	-0.99913	0.04147	0.18854	-0.03982	-0.98126	0.98205	0.01257	0.18819	
179.43422	-25.87596	1042.42820	-5.16037	78.87968	-87.59755	0.27887	0.00808	-0.99877	0.04890	0.19270	-0.04643	-0.98016	0.98122	0.01735	0.19209	
180.65442	-26.68862	1043.70413	-5.90798	78.57317	-87.09962	0.29614	0.01002	-0.99852	0.05347	0.19786	-0.05043	-0.97893	0.98018	0.02039	0.19706	
181.76666	-27.43960	1044.72989	-7.23406	78.36170	-86.11594	0.32291	0.01366	-0.99812	0.05982	0.20127	-0.05585	-0.97794	0.97944	0.02540	0.20013	
182.72611	-28.23490	1045.62422	-8.13153	78.17654	-85.52920	0.30865	0.01597	-0.99773	0.06549	0.20427	-0.06086	-0.97702	0.97878	0.02898	0.20284	
183.52022	-29.01661	1046.43664	-8.71765	78.00889	-85.23802	0.30060	0.01725	-0.99734	0.07078	0.20704	-0.06569	-0.97612	0.97818	0.03149	0.20536	
184.13542	-29.86842	1047.14103	-8.80142	77.90726	-85.40813	0.30922	0.01677	-0.99703	0.07516	0.20882	-0.07002	-0.97544	0.97781	0.03205	0.20703	
184.56442	-30.53802	1047.62390	-8.50105	77.89137	-86.00311	0.26177	0.01462	-0.99668	0.08007	0.20926	-0.07525	-0.97496	0.97775	0.03101	0.20746	
184.78738	-31.28997	1048.02119	-9.59459	77.94444	-85.13189	0.18445	0.01772	-0.99629	0.08424	0.20811	-0.07874	-0.97493	0.97795	0.03481	0.20594	
184.62606	-31.99841	1048.30882	-11.08806	77.98319	-83.78127	0.21357	0.02255	-0.99593	0.08721	0.20697	-0.08069	-0.97501	0.97809	0.04004	0.20431	
184.21843	-32.62271	1048.42248	-12.29886	78.08924	-82.77140	0.21050	0.02597	-0.99551	0.09102	0.20475	-0.08383	-0.97522	0.97847	0.04396	0.20165	
183.51442	-33.26681	1048.41408	-13.95131	78.28635	-81.30360	0.23694	0.03070	-0.99504	0.09464	0.20069	-0.08662	-0.97582	0.97917	0.04895	0.19703	
182.68701	-33.73069	1048.20173	-14.53308	78.47729	-80.95946	0.28254	0.03139	-0.99461	0.09878	0.19727	-0.09072	-0.97614	0.97985	0.05013	0.19336	
181.77713	-34.21487	1047.98796	-16.53704	78.68227	-79.06835	0.28431	0.03722	-0.99417	0.10121	0.19269	-0.09224	-0.97691	0.98055	0.05586	0.18813	
180.85013	-34.73515	1047.76591	-18.07175	78.94653	-77.57034	0.39345	0.04127	-0.99392	0.10211	0.18723	-0.09269	-0.97793	0.98145	0.05947	0.18227	
179.83709	-35.33103	1047.62293	-20.61996	79.18804	-74.97759	0.48448	0.04862	-0.99361	0.10185	0.18118	-0.09150	-0.97918	0.98225	0.06606	0.17557	
178.66301	-35.46633	1047.24191	-22.74957	79.40494	-73.00349	0.33662	0.05375	-0.99304	0.10484	0.17584	-0.09394	-0.97993	0.98295	0.07110	0.16956	
177.11448	-35.62445	1046.87551	-26.23901	79.32754	-69.64383	0.38724	0.06442	-0.99207	0.10789	0.17363	-0.09532	-0.98019	0.98270	0.08188	0.16611	
175.93071	-35.86016	1046.53578	-27.98137	79.51806	-67.95714	0.38184	0.06828	-0.99170	0.10899	0.16863	-0.09620	-0.98097	0.98331	0.08536	0.16066	
174.73831	-36.07640	1046.24335	-29.71144	79.71442	-66.24333	0.37776	0.07193	-0.99140	0.10937	0.16342	-0.09645	-0.98183	0.98393	0.08850	0.15508	
173.60200	-36.19550	1045.95582	-31.67703	79.86114	-64.29908	0.37898	0.07634	-0.99101	0.10988	0.15862	-0.09672	-0.98259	0.98438	0.09244	0.14981	
172.44336	-36.33839	1045.67626	-33.91663	79.96638	-62.04873	0.39092	0.08166	-0.99058	0.10988	0.15390	-0.09639	-0.98337	0.98471	0.09722	0.14458	
171.26446	-36.47959	1045.43007	-36.92144	80.03992	-59.01423	0.41630	0.08905	-0.98998	0.10961	0.14828	-0.09565	-0.98431	0.98493	0.10390	0.13828	
170.16474	-36.66817	1045.21554	-40.08026	80.03502	-55.83635	0.35836	0.09718	-0.98922	0.10956	0.14318	-0.09504	-0.98512	0.98491	0.11142	0.13241	
168.92075	-36.82153	1044.92637	-42.73560	80.05180	-53.20204	0.40174	0.10348	-0.98852	0.11006	0.13834	-0.09528	-0.98579	0.98496	0.11724	0.12689	
167.65655	-36.84425	1044.64947	-47.04589	79.90900	-48.94863	0.35908	0.11507	-0.98710	0.11136	0.13213	-0.09590	-0.98658	0.98453	0.12824	0.11939	
166.32104	-37.06601	1044.48899	-51.57188	79.61856	-44.36897	0.40997	0.12882	-0.98546	0.11077	0.12601	-0.09453	-0.98751	0.98363	0.14117	0.11200	
165.02774	-37.22902	1044.38580	-55.79056	79.33647	-40.14359	0.38776	0.14145	-0.98372	0.11081	0.11930	-0.09418	-0.98838	0.98273	0.15303	0.10403	
163.76085	-37.39032	1044.31700	-59.03133	79.17892	-36.94318	0.35050	0.15005	-0.98238	0.11140	0.11284	-0.09492	-0.98907	0.98222	0.16098	0.09661	
162.51439	-37.71698	1044.37239	-61.91306	78.99494	-34.07454	0.37212	0.15812	-0.98111	0.11148	0.10695	-0.09522	-0.98969	0.98161	0.16841	0.08988	
161.36592	-38.15700	1044.56584	-64.51031	78.80829	-31.50842	0.40374	0.16548	-0.97985	0.11183	0.10144	-0.09588	-0.99021	0.98098	0.17520	0.08353	
160.26449	-38.65836	1044.91382	-66.69398	78.62034	-29.33057	0.41228	0.17202	-0.97874	0.11174	0.09665	-0.09611	-0.99067	0.98034	0.18121	0.07806	
159.26367	-39.07880	1045.15428	-68.10983	78.68893	-27.99533	0.38101	0.17319	-0.97841	0.11275	0.09207	-0.09789	-0.99093	0.98058	0.18199	0.07312	
158.31843	-39.58234	1045.49011	-69.67093	78.63631	-26.48810	0.38359	0.17635	-0.97777	0.11338	0.08788	-0.09909	-0.99119	0.98040	0.18476	0.06845	
157.39083	-40.18187	1045.89852	-71.26586	78.36241	-24.89223	0.42233	0.18298	-0.97657	0.11326	0.08491	-0.09908	-0.99145	0.97944	0.19103	0.06479	
156.56884	-40.70870	1046.27242	-72.29750	78.39620	-23.99482	0.41333	0.18376	-0.97619	0.11528	0.08180	-0.10168	-0.99145	0.97956	0.19162	0.06116	
155.72282	-41.29815	1046.74868	-73.57204	78.31581	-22.82130	0.38656	0.18666	-0.97546	0.11676	0.07855	-0.10364	-0.99151	0.97928	0.19425	0.05727	
154.90436	-41.98966	1047.16692	-74.66072	78.22269	-21.84662	0.39469	0.18945	-0.97471	0.11850	0.07595	-0.10578	-0.99148	0.97895	0.19684	0.05399	
154.08010	-42.78980	1047.58547	-75.69088	78.01409	-20.90110	0.40601	0.19401	-0.97365	0.11983	0.07409	-0.10726	-0.99147	0.97820	0.20123	0.05133	
153.23381	-43.26000	1048.19429	-77.12077	77.62379	-19.72679	0.35519	0.20175	-0.97154	0.12410	0.07234	-0.11158	-0.99112	0.97676	0.20894	0.04777	
152.56232	-44.08036	1048.57512	-77.78114	77.57104	-19.21785	0.35235	0.20324	-0.97092	0.12654	0.07084	-0.11431	-0.99092	0.97656	0.21035	0.04555	
151.94458	-44.95944	1048.96560	-78.43873	77.52865	-18.72654	0.33089	0.20452	-0.97030	0.12921	0.06933	-0.11731	-0.99067	0.97640	0.21157	0.04328	
151.33952	-45.95457	1049.27643	-78.71320	77.58791	-18.63589	0.36093	0.20367	-0.97007	0.13225	0.06869	-0.12059	-0.99032	0.97663	0.21078	0.04207	
150.74575	-46.95799	1049.65735	-78.99638	77.65787	-18.56173	0.35618	0.20263	-0.96981	0.13571	0.06804	-0.12431	-0.98991	0.97689	0.20982	0.04080	
150.21183	-48.07653	1049.97248	-79.38959	77.69325	-18.37007	0.34338	0.20228	-0.96941	0.13903	0.06717	-0.12790	-0.98951	0.97702	0.20950	0.03925	
149.77895	-49.45700	1050.00659	-78.94789	78.19818	-18.94101	0.37884	0.19345	-0.97091	0.14109	0.06639	-0.13052	-0.98922	0.97886	0.20073	0.03921	
149.28544	-50.65886	1050.34940	-79.18935	78.24748	-18.95784	0.35189	0.19264	-0.97043	0.14544	0.06617	-0.13503	-0.98863	0.97904	0.20007	0.03820	
148.81365	-51.89342	1050.74468	-79.50632	78.31351	-18.88308	0.33769	0.19165	-0.97001	0.14947	0.06555	-0.13930	-0.98808	0.97927	0.19917	0.03689	
148.25439	-53.29549	1051.11778	-80.01555	78.19125	-18.56024	0.37169	0.19400	-0.96906	0.15260	0.06514	-0.14248	-0.98765	0.97884	0.20155	0.03548	
147.79928	-54.64340	1051.40789	-80.34119	78.33070	-18.53585	0.37465	0.19177	-0.96870	0.15760	0.06430	-0.14784	-0.98692	0.97933	0.19940	0.03394	
147.32674	-56.10236	1051.87718	-80.99247	78.23309	-18.09513	0.38645	0.19384	-0.96772	0.16107	0.06334	-0.15150	-0.98643	0.97899	0.20142	0.03193	
146.84430	-57.55770	1052.24356	-81.68467	78.25008	-17.68184	0.36932	0.19402	-0.96691	0.16564	0.06185	-0.15645	-0.98575	0.97905	0.20150	0.02945	
146.67685	-59.03896	1052.51811	-81.98671	79.04727	-17.69065	0.56070	0.18101	-0.96859	0.17052	0.05774	-0.16262	-0.98500	0.98178	0.18814	0.02649	
146.27579	-60.65355	1052.94332	-83.04639	78.98627	-16.94151	0.52483	0.18275	-0.96735	0.17557	0.05567	-0.16811	-0.98419	0.98158	0.18964	0.02313	
145.90768	-62.47490	1053.40160	-84.46326	78.91747	-15.71194	0.50601	0.18504	-0.96640	0.17839	0.05205	-0.17163	-0.98378	0.98135	0.19133	0.01855	
145.53272	-64.08644	1053.61245	-86.14346	78.79947	-14.39047	0.42407	0.18815	-0.96474	0.18406	0.04828	-0.17809	-0.98283	0.98095	0.19380	0.01306	
144.87808	-65.69184	1054.14414	-88.96666	77.34792	-11.90593	0.31226	0.21432	-0.95829	0.18905	0.04519	-0.18362	-0.98196	0.97572	0.21899	0.00395	
144.48568	-67.62282	1054.35907	-90.94814	77.13225	-10.26756	0.30841	0.21914	-0.95619	0.19409	0.03970	-0.19003	-0.98098	0.97489	0.22267	-0.00369	
144.06045	-69.65535	1054.53599	-93.05650	76.86593	-8.52184	0.29620	0.22472	-0.95382	0.19933	0.03367	-0.19684	-0.97986	0.97384	0.22691	-0.01212	
143.67005	-71.74076	1054.64553	-95.34124	76.54546	-6.58818	0.26584	0.23114	-0.95126	0.20417	0.02670	-0.20357	-0.97870	0.97255	0.23166	-0.02166	
143.29048	-73.84617	1054.54176	-97.64842	76.38085	-4.63202	0.32149	0.23470	-0.94934	0.20897	0.01902	-0.21045	-0.97742	0.97188	0.23337	-0.03134	
142.93356	-76.02924	1054.42732	-100.06354	76.08017	-2.58612	0.32633	0.24032	-0.94684	0.21386	0.01085	-0.21768	-0.97596	0.97063	0.23686	-0.04204	
142.62939	-78.24114	1054.21540	-102.59684	75.84628	-0.42703	0.31476	0.24452	-0.94465	0.21874	0.00182	-0.22514	-0.97433	0.96964	0.23864	-0.05333	
142.11716	-80.45600	1054.01654	-104.57626	76.35097	1.09181	0.36166	0.23593	-0.94511	0.22608	-0.00450	-0.23370	-0.97230	0.97176	0.22838	-0.05939	
142.00957	-82.75044	1053.63088	-107.25784	76.13154	3.34826	0.36417	0.23928	-0.94288	0.23176	-0.01400	-0.24202	-0.97017	0.97085	0.22890	-0.07111	
141.94398	-85.10897	1053.12877	-110.01810	75.85840	5.63513	0.32070	0.24314	-0.94032	0.23808	-0.02399	-0.25120	-0.96764	0.96969	0.22956	-0.08363	
141.88882	-87.46836	1052.54351	-112.74837	75.52847	7.89499	0.37613	0.24753	-0.93760	0.24419	-0.03433	-0.26037	-0.96490	0.96827	0.23046	-0.09663	
141.96762	-89.93281	1051.92287	-115.65682	75.20640	10.27015	0.33509	0.25125	-0.93476	0.25121	-0.04552	-0.27066	-0.96160	0.96685	0.23016	-0.11056	
142.00190	-92.40495	1051.23192	-118.40406	74.76687	12.51202	0.34837	0.25651	-0.93161	0.25751	-0.05692	-0.28052	-0.95816	0.96486	0.23112	-0.12499	
142.19862	-94.89428	1050.40170	-121.09595	74.23405	14.66220	0.35707	0.26286	-0.92798	0.26411	-0.06877	-0.29106	-0.95423	0.96238	0.23266	-0.14033	
142.47202	-97.39547	1049.53809	-123.89159	73.76205	16.86537	0.33065	0.26760	-0.92448	0.27152	-0.08113	-0.30242	-0.94972	0.96011	0.23212	-0.15593	
142.85437	-99.93105	1048.65425	-126.58099	73.24562	18.94765	0.37924	0.27265	-0.92077	0.27900	-0.09360	-0.31399	-0.94480	0.95755	0.23148	-0.17180	
143.37058	-102.46247	1047.71107	-129.07538	72.59145	20.80931	0.36312	0.27967	-0.91637	0.28644	-0.10629	-0.32606	-0.93935	0.95420	0.23226	-0.18859	
144.03090	-104.99392	1046.77188	-131.61583	72.08572	22.68421	0.37664	0.28380	-0.91246	0.29473	-0.11862	-0.33842	-0.93349	0.95152	0.22996	-0.20428	
144.84723	-107.46780	1045.73864	-133.94937	71.42860	24.33299	0.38639	0.29019	-0.90780	0.30279	-0.13123	-0.35117	-0.92707	0.94793	0.22930	-0.22104	
145.82590	-109.91785	1044.58626	-136.27275	70.75123	25.96257	0.37102	0.29640	-0.90308	0.31078	-0.14432	-0.36402	-0.92014	0.94410	0.22788	-0.23823	
146.86973	-112.28114	1043.37194	-138.45993	70.16782	27.43118	0.37048	0.30112	-0.89849	0.31944	-0.15629	-0.37696	-0.91295	0.94069	0.22498	-0.25394	
148.01470	-114.59080	1042.05472	-140.53229	69.54199	28.78171	0.40233	0.30634	-0.89367	0.32789	-0.16829	-0.38987	-0.90536	0.93693	0.22217	-0.26982	
149.29237	-116.83401	1040.67354	-142.37425	68.82500	29.88681	0.35891	0.31318	-0.88823	0.33612	-0.17999	-0.40302	-0.89732	0.93248	0.22052	-0.28609	
150.66582	-118.93097	1039.02517	-144.17215	68.15729	31.00637	0.38262	0.31890	-0.88335	0.34350	-0.19166	-0.41504	-0.88939	0.92821	0.21779	-0.30166	
152.06913	-120.87827	1037.25742	-145.68726	67.46787	31.86118	0.39962	0.32546	-0.87823	0.35041	-0.20228	-0.42668	-0.88149	0.92366	0.21601	-0.31651	
153.63597	-122.64288	1035.20323	-147.05170	66.70589	32.59957	0.40749	0.33315	-0.87296	0.35631	-0.21305	-0.43782	-0.87345	0.91849	0.21508	-0.33185	
155.21726	-124.29675	1032.96831	-148.29761	66.01598	33.23546	0.43277	0.33999	-0.86790	0.36216	-0.22278	-0.44847	-0.86559	0.91366	0.21361	-0.34583	
156.86993	-125.75841	1030.58690	-149.42690	65.30153	33.77698	0.43426	0.34731	-0.86278	0.36740	-0.23230	-0.45874	-0.85767	0.90852	0.21253	-0.35975	
158.55267	-127.10762	1028.08327	-150.68782	64.70875	34.44083	0.42630	0.35233	-0.85820	0.37331	-0.24162	-0.46878	-0.84963	0.90415	0.20915	-0.37252	
160.26079	-128.30708	1025.48941	-151.79071	64.08423	34.97275	0.43671	0.35813	-0.85349	0.37854	-0.25051	-0.47840	-0.84165	0.89944	0.20659	-0.38514	
161.91148	-129.33349	1022.68389	-152.54256	63.20773	35.23882	0.41583	0.36816	-0.84816	0.38090	-0.26008	-0.48727	-0.83362	0.89265	0.20784	-0.39998	
163.57188	-130.26808	1019.84141	-153.35973	62.55384	35.51554	0.43140	0.37517	-0.84314	0.38518	-0.26776	-0.49639	-0.82578	0.88744	0.20667	-0.41198	
164.89550	-131.08495	1016.86552	-153.50012	60.92733	35.33199	0.46026	0.39642	-0.83570	0.38007	-0.28101	-0.50457	-0.81636	0.87400	0.21681	-0.43487	
166.50842	-131.81354	1013.85761	-154.20564	60.26568	35.54857	0.46336	0.40354	-0.83089	0.38311	-0.28836	-0.51288	-0.80858	0.86833	0.21582	-0.44656	
168.14732	-132.42401	1010.68626	-154.69699	59.36784	35.63287	0.45245	0.41412	-0.82560	0.38325	-0.29684	-0.52053	-0.80058	0.86046	0.21777	-0.46064	
169.74581	-132.84441	1007.42115	-155.39694	58.82084	35.88622	0.51840	0.41944	-0.82154	0.38618	-0.30347	-0.52784	-0.79328	0.85555	0.21554	-0.47071	
171.40668	-133.08610	1004.01264	-155.86852	58.07294	35.99447	0.48911	0.42787	-0.81708	0.38640	-0.31080	-0.53444	-0.78598	0.84872	0.21621	-0.48262	
173.10639	-133.12833	1000.48930	-156.34984	57.38274	36.12893	0.44227	0.43537	-0.81299	0.38665	-0.31781	-0.54064	-0.77891	0.84229	0.21623	-0.49375	
174.69782	-132.92836	996.90636	-156.86166	56.72604	36.31877	0.46936	0.44206	-0.80934	0.38671	-0.32495	-0.54634	-0.77196	0.83606	0.21559	-0.50451	
176.26461	-132.50587	993.24853	-157.30861	56.20208	36.43725	0.52518	0.44752	-0.80587	0.38768	-0.33039	-0.55183	-0.76572	0.83100	0.21459	-0.51321	
177.79137	-131.93000	989.52039	-157.74254	55.59000	36.54852	0.49526	0.45398	-0.80217	0.38784	-0.33653	-0.55741	-0.75898	0.82501	0.21405	-0.52301	
179.30189	-131.17893	985.71566	-158.08351	54.96037	36.56416	0.51525	0.46115	-0.79813	0.38773	-0.34203	-0.56309	-0.75230	0.81876	0.21430	-0.53265	
180.81391	-130.31078	981.89269	-158.27904	54.19265	36.47805	0.51442	0.47044	-0.79364	0.38578	-0.34783	-0.56856	-0.74549	0.81099	0.21652	-0.54352	
182.34440	-129.35525	977.99505	-158.52640	53.46356	36.37658	0.52953	0.47932	-0.78874	0.38489	-0.35309	-0.57480	-0.73820	0.80348	0.21794	-0.55401	
183.98745	-128.32872	974.18328	-158.83275	52.75037	36.32059	0.53929	0.48769	-0.78393	0.38421	-0.35851	-0.58111	-0.73060	0.79601	0.21856	-0.56445	
185.50362	-127.08727	970.25824	-159.04051	51.83967	36.26339	0.61155	0.49819	-0.77914	0.38045	-0.36547	-0.58659	-0.72274	0.78628	0.22101	-0.57698	
187.39857	-125.86417	966.44965	-159.54622	51.26603	36.32488	0.58210	0.50411	-0.77464	0.38185	-0.37064	-0.59340	-0.71449	0.78006	0.21865	-0.58626	
189.23728	-124.44724	962.68355	-160.18935	50.92720	36.42573	0.58327	0.50716	-0.77035	0.38646	-0.37426	-0.60078	-0.70640	0.77635	0.21362	-0.59300	
191.18191	-122.94466	958.98290	-160.78641	50.43811	36.50553	0.63992	0.51195	-0.76569	0.38939	-0.37890	-0.60810	-0.69761	0.77094	0.20960	-0.60143	
193.20100	-121.33704	955.30110	-161.22247	49.83662	36.43818	0.63415	0.51888	-0.76024	0.39089	-0.38308	-0.61557	-0.68871	0.76421	0.20761	-0.61064	
195.27199	-119.61297	951.63106	-161.85942	49.31445	36.54081	0.63720	0.52376	-0.75549	0.39358	-0.38814	-0.62293	-0.67919	0.75830	0.20297	-0.61950	
197.35356	-117.76696	947.94630	-162.28670	48.59084	36.47927	0.65236	0.53184	-0.74983	0.39358	-0.39324	-0.63028	-0.66940	0.75001	0.20124	-0.63007	
199.57125	-115.77137	944.31672	-162.77510	47.85218	36.43018	0.61383	0.53991	-0.74385	0.39392	-0.39850	-0.63812	-0.65879	0.74142	0.19871	-0.64095	
201.74030	-113.73057	940.70570	-163.16129	47.08744	36.34763	0.68455	0.54841	-0.73815	0.39292	-0.40355	-0.64516	-0.64878	0.73239	0.19724	-0.65169	
204.05301	-111.51162	937.07341	-163.64478	46.39309	36.27367	0.64855	0.55604	-0.73208	0.39354	-0.40806	-0.65294	-0.63809	0.72409	0.19422	-0.66180	
206.42504	-109.17828	933.33538	-164.01117	45.48825	36.13086	0.65116	0.56622	-0.72547	0.39126	-0.41336	-0.66061	-0.62668	0.71311	0.19311	-0.67394	
208.94622	-106.77372	929.73347	-164.40398	44.77466	35.99693	0.65009	0.57433	-0.71930	0.39083	-0.41723	-0.66797	-0.61623	0.70432	0.19085	-0.68375	
211.55546	-104.19486	926.08370	-164.84639	44.09800	35.88741	0.68267	0.58182	-0.71319	0.39095	-0.42098	-0.67536	-0.60553	0.69589	0.18773	-0.69318	
214.25678	-101.50299	922.34798	-165.13039	43.06026	35.63496	0.74082	0.59382	-0.70551	0.38682	-0.42568	-0.68345	-0.59304	0.68277	0.18750	-0.70617	
217.21051	-98.69702	918.50478	-165.57646	42.67047	35.44664	0.70981	0.59899	-0.69920	0.39030	-0.42641	-0.69107	-0.58361	0.67778	0.18315	-0.71209	
220.27044	-95.77835	914.48040	-165.85124	41.86669	35.22184	0.74264	0.60836	-0.69252	0.38770	-0.42950	-0.69805	-0.57293	0.66740	0.18203	-0.72211	
223.43224	-92.58704	910.44757	-166.44876	41.88759	35.16041	0.79322	0.60862	-0.68774	0.39572	-0.42871	-0.70469	-0.56535	0.66767	0.17444	-0.72373	
226.77335	-89.29108	906.29878	-166.80658	41.51369	35.00285	0.77469	0.61336	-0.68239	0.39766	-0.42952	-0.71073	-0.55711	0.66280	0.17090	-0.72903	
230.25156	-85.85584	901.92525	-167.10245	41.14601	34.83664	0.70947	0.61808	-0.67737	0.39893	-0.43016	-0.71618	-0.54959	0.65798	0.16808	-0.73404	
233.65653	-82.25663	897.52585	-167.44756	41.14272	34.68061	0.74025	0.61928	-0.67299	0.40445	-0.42850	-0.72132	-0.54414	0.65794	0.16367	-0.73507	
237.24324	-78.48364	892.96697	-167.68935	41.00151	34.52529	0.75354	0.62177	-0.66898	0.40726	-0.42774	-0.72565	-0.53896	0.65608	0.16091	-0.73734	
240.96311	-74.61686	888.24090	-167.88438	40.94617	34.38010	0.68276	0.62338	-0.66562	0.41030	-0.42652	-0.72926	-0.53504	0.65535	0.15853	-0.73850	
244.62357	-70.57714	883.45246	-168.07661	41.26390	34.18237	0.73338	0.62183	-0.66243	0.41775	-0.42232	-0.73285	-0.53346	0.65953	0.15530	-0.73546	
248.38806	-66.37213	878.51521	-168.18510	41.43789	33.97329	0.76263	0.62170	-0.65934	0.42279	-0.41892	-0.73601	-0.53179	0.66181	0.15350	-0.73379	
252.27634	-62.05267	873.45481	-168.09349	41.61615	33.69765	0.72845	0.62199	-0.65687	0.42619	-0.41478	-0.73806	-0.53219	0.66414	0.15424	-0.73153	
256.17190	-57.38429	868.50685	-168.13611	42.27880	33.46633	0.66714	0.61722	-0.65504	0.43585	-0.40800	-0.74012	-0.53456	0.67274	0.15211	-0.72408	
260.11836	-52.61809	863.38323	-167.94730	42.66341	33.16465	0.66941	0.61556	-0.65345	0.44056	-0.40227	-0.74124	-0.53735	0.67769	0.15355	-0.71914	
264.12744	-47.63709	858.19389	-167.74008	43.14987	32.91150	0.65424	0.61248	-0.65287	0.44568	-0.39641	-0.74146	-0.54139	0.68391	0.15492	-0.71293	
267.96007	-42.37667	853.17460	-167.62057	44.16622	32.68924	0.70154	0.60371	-0.65324	0.45697	-0.38741	-0.74137	-0.54798	0.69674	0.15378	-0.70064	
271.87727	-36.94606	848.03492	-167.27600	44.86816	32.39334	0.68150	0.59845	-0.65378	0.46307	-0.37969	-0.74041	-0.55464	0.70548	0.15610	-0.69133	
275.72319	-31.20958	843.12701	-166.95389	45.86511	32.17062	0.70161	0.58944	-0.65584	0.47164	-0.37077	-0.73836	-0.56335	0.71770	0.15719	-0.67838	
279.76079	-25.24550	838.25131	-166.52643	46.79995	31.83107	0.60356	0.58160	-0.65720	0.47940	-0.36104	-0.73664	-0.57184	0.72897	0.15950	-0.66571	
283.50757	-19.06787	833.62536	-165.92059	47.60945	31.52250	0.60771	0.57470	-0.66028	0.48348	-0.35248	-0.73289	-0.58192	0.73857	0.16401	-0.65393	
287.24730	-12.65381	829.09563	-165.18031	48.26806	31.15488	0.56390	0.56964	-0.66349	0.48506	-0.34437	-0.72855	-0.59213	0.74627	0.17026	-0.64350	
290.82344	-6.03689	824.83571	-164.39191	48.96694	30.79875	0.57780	0.56391	-0.66748	0.48629	-0.33614	-0.72338	-0.60310	0.75433	0.17663	-0.63229	
294.53587	0.77986	820.82137	-163.58226	49.92575	30.38960	0.53892	0.55533	-0.67181	0.49018	-0.32567	-0.71802	-0.61512	0.76521	0.18196	-0.61753	
298.09534	7.89117	816.77814	-162.51602	50.29317	29.90953	0.50939	0.55377	-0.67595	0.48624	-0.31856	-0.71152	-0.62631	0.76932	0.19194	-0.60934	
303.71053	14.82789	812.65706	-167.33890	55.04794	34.63572	2.34247	0.47136	-0.70235	0.53341	-0.32561	-0.70067	-0.63486	0.81963	0.12557	-0.55896	
304.55229	22.72291	809.41341	-159.27496	50.47187	28.23250	0.51413	0.56074	-0.68292	0.46817	-0.30108	-0.69490	-0.65304	0.77131	0.22523	-0.59527	
308.15226	30.44030	805.90312	-158.52153	51.22985	28.15400	0.50678	0.55211	-0.69077	0.46691	-0.29547	-0.68575	-0.66516	0.77966	0.22928	-0.58271	
310.87661	38.58356	802.58600	-156.91035	51.73270	27.09769	0.24982	0.55135	-0.69313	0.46432	-0.28211	-0.67866	-0.67811	0.78513	0.24288	-0.56972	
314.24248	46.38171	799.89641	-155.49838	52.16146	26.74707	0.21456	0.54780	-0.70200	0.45509	-0.27608	-0.66518	-0.69376	0.78974	0.25440	-0.55820	
317.51392	54.63284	797.23027	-154.26549	52.75196	26.33040	0.24046	0.54247	-0.70933	0.45009	-0.26846	-0.65405	-0.70721	0.79602	0.26281	-0.54523	
320.77973	62.89872	794.83539	-153.09926	53.47222	25.98299	0.21628	0.53505	-0.71752	0.44596	-0.26077	-0.64237	-0.72067	0.80357	0.26930	-0.53081	
324.00879	71.26367	792.74969	-151.91876	54.18505	25.60508	0.20672	0.52770	-0.72552	0.44176	-0.25289	-0.63067	-0.73369	0.81091	0.27545	-0.51628	
327.14104	79.59664	791.03020	-150.48317	54.70255	25.05471	0.24870	0.52345	-0.73279	0.43476	-0.24470	-0.61804	-0.74709	0.81616	0.28468	-0.50283	
330.25566	88.03816	789.59694	-149.09727	55.24142	24.49579	0.23035	0.51880	-0.73973	0.42854	-0.23639	-0.60586	-0.75964	0.82156	0.29280	-0.48919	
333.34479	96.41110	788.40410	-147.77145	55.84454	23.98604	0.18621	0.51296	-0.74708	0.42278	-0.22823	-0.59348	-0.77181	0.82752	0.29941	-0.47494	
336.25590	104.78843	787.51365	-146.12750	56.03543	23.25412	0.19993	0.51329	-0.75250	0.41263	-0.22057	-0.58033	-0.78394	0.82938	0.31138	-0.46386	
339.60241	113.11496	786.72556	-145.93111	57.77455	23.71462	0.38158	0.48822	-0.76703	0.41629	-0.21446	-0.56783	-0.79472	0.84596	0.29872	-0.44173	
342.76737	121.41501	786.32852	-144.57620	58.80878	23.26831	0.47998	0.47577	-0.77741	0.41142	-0.20459	-0.55274	-0.80785	0.85544	0.30018	-0.42203	
345.28078	129.56947	786.12095	-142.97754	58.74028	22.60444	0.56942	0.47906	-0.78205	0.39862	-0.19946	-0.53923	-0.81820	0.85482	0.31246	-0.41430	
348.29609	137.78623	786.10854	-141.43938	59.39765	21.84630	0.39564	0.47252	-0.78897	0.39275	-0.18944	-0.52614	-0.82903	0.86072	0.31733	-0.39807	
350.86353	145.73493	786.22406	-139.98642	59.71058	21.21040	0.41764	0.47020	-0.79468	0.38392	-0.18248	-0.51314	-0.83868	0.86349	0.32429	-0.38629	
353.33146	153.59553	786.45447	-138.51587	60.12159	20.52385	0.42357	0.46654	-0.80056	0.37610	-0.17465	-0.50022	-0.84810	0.86708	0.32999	-0.37319	
355.71551	161.31582	786.85028	-137.18216	60.53253	19.94688	0.41845	0.46242	-0.80648	0.36845	-0.16782	-0.48764	-0.85676	0.87064	0.33435	-0.36084	
357.91726	168.84312	787.43928	-135.53487	60.49832	19.14155	0.39768	0.46522	-0.80996	0.35711	-0.16148	-0.47431	-0.86542	0.87034	0.34495	-0.35145	
359.93365	176.21770	788.22774	-134.25322	61.02623	18.57204	0.40464	0.45918	-0.81624	0.35057	-0.15428	-0.46192	-0.87340	0.87484	0.34696	-0.33804	
362.25592	183.41772	789.04967	-133.02008	60.66778	18.19054	0.42174	0.46539	-0.81851	0.33682	-0.15293	-0.44918	-0.88026	0.87179	0.35815	-0.33422	
364.04698	190.45807	790.14020	-131.65172	60.83372	17.54500	0.45701	0.46467	-0.82246	0.32809	-0.14691	-0.43700	-0.88738	0.87321	0.36414	-0.32389	
365.70303	197.31127	791.37025	-130.37244	61.05175	16.92980	0.42691	0.46304	-0.82640	0.32041	-0.14095	-0.42555	-0.89389	0.87506	0.36875	-0.31353	
367.48458	203.83021	792.78601	-129.73203	61.81670	16.93896	0.51094	0.45180	-0.83469	0.31491	-0.13760	-0.41397	-0.89983	0.88144	0.36321	-0.30189	
368.75696	210.42407	794.19154	-128.42268	61.72865	16.35322	0.78260	0.45449	-0.83706	0.30460	-0.13336	-0.40204	-0.90586	0.88071	0.37108	-0.29435	
369.90604	216.57165	795.95989	-127.32978	61.82385	15.76933	0.74419	0.45441	-0.83935	0.29833	-0.12832	-0.39309	-0.91050	0.88150	0.37546	-0.28633	
370.90712	222.50836	797.92567	-126.14212	61.73200	15.09184	0.73740	0.45726	-0.84028	0.29128	-0.12331	-0.38426	-0.91495	0.88074	0.38246	-0.27932	
371.82847	227.93660	800.20083	-125.07452	61.69616	14.39062	0.42629	0.45927	-0.84077	0.28667	-0.11784	-0.37753	-0.91847	0.88045	0.38804	-0.27246	
