<?xml version="1.0"?>
<calibration calibrated="true" source="20240224_144915.qca" created="Calibration carried out: 2024-02-24 14:49:15" qtm-version="2020.2 (build 5770)" type="regular" wandLength="300.200000" maximumFrames="1500" lengthOfCalibration="40" shortArmEnd="200.000000" longArmEnd="300.000000" longArmMiddle="90.000000">
    <results std-dev="0.720701" min-max-diff="16.928900"/>
    <cameras>
        <camera active="1" calibrated="true" message="" point-count="1536" avg-residual="0.803424" serial="12351" model="Oqus 400" viewrotation="180">
            <fov_marker left="0" top="0" right="1695" bottom="1709"/>
            <fov_marker_max left="0" top="0" right="1695" bottom="1709"/>
            <fov_video left="0" top="0" right="1695" bottom="1709"/>
            <fov_video_max left="0" top="0" right="1695" bottom="1709"/>
            <transform x="-657.172424" y="-2577.986328" z="2731.120605" r11="-0.979824" r12="0.194726" r13="-0.045023" r21="-0.069796" r22="-0.544463" r23="-0.835876" r31="-0.187280" r32="-0.815869" r33="0.547069"/>
            <intrinsic focallength="16.748114" sensorMinU="0.000000" sensorMaxU="108543.000000" sensorMinV="0.000000" sensorMaxV="109439.000000" focalLengthU="133964.500000" focalLengthV="133985.562500" centerPointU="53218.144531" centerPointV="56800.664063" skew="0.000000" radialDistortion1="-0.361258" radialDistortion2="0.169218" radialDistortion3="0.000000" tangentalDistortion1="0.000968" tangentalDistortion2="0.000180"/>
        </camera>
        <camera active="1" calibrated="true" message="" point-count="1867" avg-residual="0.740248" serial="12310" model="Oqus 400" viewrotation="180">
            <fov_marker left="0" top="0" right="1695" bottom="1709"/>
            <fov_marker_max left="0" top="0" right="1695" bottom="1709"/>
            <fov_video left="0" top="0" right="1695" bottom="1709"/>
            <fov_video_max left="0" top="0" right="1695" bottom="1709"/>
            <transform x="-2864.747314" y="-85.800018" z="2802.791260" r11="0.036822" r12="0.998867" r13="0.030156" r21="-0.539293" r22="0.045267" r23="-0.840901" r31="-0.841313" r32="0.014700" r33="0.540348"/>
            <intrinsic focallength="16.903275" sensorMinU="0.000000" sensorMaxU="108543.000000" sensorMinV="0.000000" sensorMaxV="109439.000000" focalLengthU="135206.609375" focalLengthV="135225.843750" centerPointU="57359.507813" centerPointV="56365.828125" skew="0.000000" radialDistortion1="-0.360975" radialDistortion2="0.168160" radialDistortion3="0.000000" tangentalDistortion1="0.000352" tangentalDistortion2="0.000074"/>
        </camera>
        <camera active="1" calibrated="true" message="" point-count="1829" avg-residual="1.310657" serial="12272" model="Oqus 400" viewrotation="180">
            <fov_marker left="0" top="0" right="1695" bottom="1709"/>
            <fov_marker_max left="0" top="0" right="1695" bottom="1709"/>
            <fov_video left="0" top="0" right="1695" bottom="1709"/>
            <fov_video_max left="0" top="0" right="1695" bottom="1709"/>
            <transform x="-2668.520264" y="2519.032959" z="2835.162109" r11="0.580025" r12="0.812574" r13="-0.057401" r21="-0.481321" r22="0.285018" r23="-0.828912" r31="-0.657191" r32="0.508418" r33="0.556426"/>
            <intrinsic focallength="16.820002" sensorMinU="0.000000" sensorMaxU="108543.000000" sensorMinV="0.000000" sensorMaxV="109439.000000" focalLengthU="134601.468750" focalLengthV="134498.718750" centerPointU="56260.441406" centerPointV="53355.015625" skew="0.000000" radialDistortion1="-0.349916" radialDistortion2="0.169106" radialDistortion3="0.000000" tangentalDistortion1="0.000114" tangentalDistortion2="0.001175"/>
        </camera>
        <camera active="1" calibrated="true" message="" point-count="1951" avg-residual="1.675254" serial="12275" model="Oqus 400" viewrotation="180">
            <fov_marker left="0" top="0" right="1695" bottom="1709"/>
            <fov_marker_max left="0" top="0" right="1695" bottom="1709"/>
            <fov_video left="0" top="0" right="1695" bottom="1709"/>
            <fov_video_max left="0" top="0" right="1695" bottom="1709"/>
            <transform x="4346.759766" y="-390.846039" z="2711.425537" r11="-0.018786" r12="-0.999504" r13="-0.025277" r21="0.482348" r22="0.013084" r23="-0.875882" r31="0.875778" r32="-0.028647" r33="0.481863"/>
            <intrinsic focallength="16.827415" sensorMinU="0.000000" sensorMaxU="108543.000000" sensorMinV="0.000000" sensorMaxV="109439.000000" focalLengthU="134671.125000" focalLengthV="134547.656250" centerPointU="56506.980469" centerPointV="55844.796875" skew="0.000000" radialDistortion1="-0.347520" radialDistortion2="0.151799" radialDistortion3="0.000000" tangentalDistortion1="0.001937" tangentalDistortion2="0.000519"/>
        </camera>
        <camera active="1" calibrated="true" message="" point-count="1925" avg-residual="0.897296" serial="17902" model="Oqus 700+" viewrotation="180">
            <fov_marker left="0" top="0" right="4095" bottom="3071"/>
            <fov_marker_max left="0" top="0" right="4095" bottom="3071"/>
            <fov_video left="0" top="0" right="4095" bottom="3071"/>
            <fov_video_max left="0" top="0" right="4095" bottom="3071"/>
            <transform x="404.935455" y="2476.284912" z="2774.346924" r11="0.999416" r12="0.020595" r13="-0.027264" r21="-0.034146" r22="0.630556" r23="-0.775392" r31="0.001222" r32="0.775871" r33="0.630891"/>
            <intrinsic focallength="16.675898" sensorMinU="0.000000" sensorMaxU="262143.000000" sensorMinV="0.000000" sensorMaxV="196607.000000" focalLengthU="194046.593750" focalLengthV="194047.031250" centerPointU="131554.375000" centerPointV="98214.398438" skew="0.000000" radialDistortion1="-0.082344" radialDistortion2="0.056474" radialDistortion3="0.000000" tangentalDistortion1="-0.000258" tangentalDistortion2="0.000173"/>
        </camera>
        <camera active="1" calibrated="true" message="" point-count="1785" avg-residual="1.624885" serial="12271" model="Oqus 400" viewrotation="180">
            <fov_marker left="0" top="0" right="1695" bottom="1709"/>
            <fov_marker_max left="0" top="0" right="1695" bottom="1709"/>
            <fov_video left="0" top="0" right="1695" bottom="1709"/>
            <fov_video_max left="0" top="0" right="1695" bottom="1709"/>
            <transform x="3969.297119" y="2412.483643" z="2772.086182" r11="0.757653" r12="-0.634198" r13="-0.154126" r21="0.223416" r22="0.473906" r23="-0.851762" r31="0.613227" r32="0.610906" r33="0.500746"/>
            <intrinsic focallength="16.741640" sensorMinU="0.000000" sensorMaxU="108543.000000" sensorMinV="0.000000" sensorMaxV="109439.000000" focalLengthU="133854.000000" focalLengthV="133992.515625" centerPointU="52142.152344" centerPointV="56216.066406" skew="0.000000" radialDistortion1="-0.376902" radialDistortion2="0.233119" radialDistortion3="0.000000" tangentalDistortion1="0.000140" tangentalDistortion2="-0.000413"/>
        </camera>
        <camera active="1" calibrated="true" message="" point-count="1783" avg-residual="1.546294" serial="12302" model="Oqus 400" viewrotation="180">
            <fov_marker left="0" top="0" right="1695" bottom="1709"/>
            <fov_marker_max left="0" top="0" right="1695" bottom="1709"/>
            <fov_video left="0" top="0" right="1695" bottom="1709"/>
            <fov_video_max left="0" top="0" right="1695" bottom="1709"/>
            <transform x="-2711.582275" y="-2539.492432" z="2802.132080" r11="-0.770526" r12="0.627089" r13="-0.114231" r21="-0.248034" r22="-0.460067" r23="-0.852536" r31="-0.587170" r32="-0.628568" r33="0.510033"/>
            <intrinsic focallength="16.767799" sensorMinU="0.000000" sensorMaxU="108543.000000" sensorMinV="0.000000" sensorMaxV="109439.000000" focalLengthU="134174.546875" focalLengthV="134090.468750" centerPointU="54429.835938" centerPointV="57207.628906" skew="0.000000" radialDistortion1="-0.352919" radialDistortion2="0.165629" radialDistortion3="0.000000" tangentalDistortion1="0.000257" tangentalDistortion2="-0.000459"/>
        </camera>
        <camera active="1" calibrated="true" message="" point-count="1945" avg-residual="1.601691" serial="18174" model="Oqus 700+" viewrotation="180">
            <fov_marker left="0" top="0" right="4095" bottom="3071"/>
            <fov_marker_max left="0" top="0" right="4095" bottom="3071"/>
            <fov_video left="0" top="0" right="4095" bottom="3071"/>
            <fov_video_max left="0" top="0" right="4095" bottom="3071"/>
            <transform x="380.779907" y="-2576.649170" z="2701.495850" r11="-0.990302" r12="-0.138913" r13="0.002296" r21="0.079072" r22="-0.577129" r23="-0.812816" r31="0.114236" r32="-0.804752" r33="0.582516"/>
            <intrinsic focallength="16.712540" sensorMinU="0.000000" sensorMaxU="262143.000000" sensorMinV="0.000000" sensorMaxV="196607.000000" focalLengthU="194456.000000" focalLengthV="194490.359375" centerPointU="132042.406250" centerPointV="99843.375000" skew="0.000000" radialDistortion1="-0.081348" radialDistortion2="0.053481" radialDistortion3="0.000000" tangentalDistortion1="-0.000231" tangentalDistortion2="-0.000012"/>
        </camera>
        <camera active="1" calibrated="true" message="" point-count="2094" avg-residual="1.317139" serial="12352" model="Oqus 400" viewrotation="180">
            <fov_marker left="0" top="0" right="1695" bottom="1709"/>
            <fov_marker_max left="0" top="0" right="1695" bottom="1709"/>
            <fov_video left="0" top="0" right="1695" bottom="1709"/>
            <fov_video_max left="0" top="0" right="1695" bottom="1709"/>
            <transform x="3908.113037" y="-2620.301270" z="2696.235840" r11="-0.594563" r12="-0.803891" r13="-0.015907" r21="0.346030" r22="-0.237968" r23="-0.907543" r31="0.725781" r32="-0.545096" r33="0.419657"/>
            <intrinsic focallength="16.659422" sensorMinU="0.000000" sensorMaxU="108543.000000" sensorMinV="0.000000" sensorMaxV="109439.000000" focalLengthU="133300.500000" focalLengthV="133230.593750" centerPointU="56618.093750" centerPointV="55765.167969" skew="0.000000" radialDistortion1="-0.358192" radialDistortion2="0.176515" radialDistortion3="0.000000" tangentalDistortion1="0.001242" tangentalDistortion2="-0.000118"/>
        </camera>
    </cameras>
</calibration>
