<?xml version="1.0"?>
<calibration calibrated="true" source="20240224_145446.qca" created="Calibration carried out: 2024-02-24 14:54:46" qtm-version="2020.2 (build 5770)" type="regular" wandLength="300.200000" maximumFrames="1500" lengthOfCalibration="30" shortArmEnd="200.000000" longArmEnd="300.000000" longArmMiddle="90.000000">
    <results std-dev="0.488675" min-max-diff="6.580446"/>
    <cameras>
        <camera active="1" calibrated="true" message="" point-count="1814" avg-residual="0.752080" serial="12351" model="Oqus 400" viewrotation="180">
            <fov_marker left="0" top="0" right="1695" bottom="1709"/>
            <fov_marker_max left="0" top="0" right="1695" bottom="1709"/>
            <fov_video left="0" top="0" right="1695" bottom="1709"/>
            <fov_video_max left="0" top="0" right="1695" bottom="1709"/>
            <transform x="-656.265869" y="-2577.319580" z="2731.925537" r11="-0.979868" r12="0.194521" r13="-0.044937" r21="-0.069819" r22="-0.544756" r23="-0.835683" r31="-0.187038" r32="-0.815722" r33="0.547370"/>
            <intrinsic focallength="16.748114" sensorMinU="0.000000" sensorMaxU="108543.000000" sensorMinV="0.000000" sensorMaxV="109439.000000" focalLengthU="133964.500000" focalLengthV="133985.562500" centerPointU="53218.144531" centerPointV="56800.664063" skew="0.000000" radialDistortion1="-0.361258" radialDistortion2="0.169218" radialDistortion3="0.000000" tangentalDistortion1="0.000968" tangentalDistortion2="0.000180"/>
        </camera>
        <camera active="1" calibrated="true" message="" point-count="1800" avg-residual="0.713342" serial="12310" model="Oqus 400" viewrotation="180">
            <fov_marker left="0" top="0" right="1695" bottom="1709"/>
            <fov_marker_max left="0" top="0" right="1695" bottom="1709"/>
            <fov_video left="0" top="0" right="1695" bottom="1709"/>
            <fov_video_max left="0" top="0" right="1695" bottom="1709"/>
            <transform x="-2864.695801" y="-87.834312" z="2803.939453" r11="0.036567" r12="0.998859" r13="0.030732" r21="-0.539550" r22="0.045619" r23="-0.840717" r31="-0.841159" r32="0.014161" r33="0.540603"/>
            <intrinsic focallength="16.903275" sensorMinU="0.000000" sensorMaxU="108543.000000" sensorMinV="0.000000" sensorMaxV="109439.000000" focalLengthU="135206.609375" focalLengthV="135225.843750" centerPointU="57359.507813" centerPointV="56365.828125" skew="0.000000" radialDistortion1="-0.360975" radialDistortion2="0.168160" radialDistortion3="0.000000" tangentalDistortion1="0.000352" tangentalDistortion2="0.000074"/>
        </camera>
        <camera active="1" calibrated="true" message="" point-count="1973" avg-residual="1.275353" serial="12272" model="Oqus 400" viewrotation="180">
            <fov_marker left="0" top="0" right="1695" bottom="1709"/>
            <fov_marker_max left="0" top="0" right="1695" bottom="1709"/>
            <fov_video left="0" top="0" right="1695" bottom="1709"/>
            <fov_video_max left="0" top="0" right="1695" bottom="1709"/>
            <transform x="-2664.617676" y="2518.749756" z="2833.880859" r11="0.580296" r12="0.812349" r13="-0.057845" r21="-0.481542" r22="0.284970" r23="-0.828800" r31="-0.656790" r32="0.508804" r33="0.556547"/>
            <intrinsic focallength="16.820002" sensorMinU="0.000000" sensorMaxU="108543.000000" sensorMinV="0.000000" sensorMaxV="109439.000000" focalLengthU="134601.468750" focalLengthV="134498.718750" centerPointU="56260.441406" centerPointV="53355.015625" skew="0.000000" radialDistortion1="-0.349916" radialDistortion2="0.169106" radialDistortion3="0.000000" tangentalDistortion1="0.000114" tangentalDistortion2="0.001175"/>
        </camera>
        <camera active="1" calibrated="true" message="" point-count="2040" avg-residual="1.402009" serial="12275" model="Oqus 400" viewrotation="180">
            <fov_marker left="0" top="0" right="1695" bottom="1709"/>
            <fov_marker_max left="0" top="0" right="1695" bottom="1709"/>
            <fov_video left="0" top="0" right="1695" bottom="1709"/>
            <fov_video_max left="0" top="0" right="1695" bottom="1709"/>
            <transform x="4347.930664" y="-393.091949" z="2715.348877" r11="-0.019082" r12="-0.999488" r13="-0.025685" r21="0.482963" r22="0.013279" r23="-0.875540" r31="0.875433" r32="-0.029112" r33="0.482462"/>
            <intrinsic focallength="16.827415" sensorMinU="0.000000" sensorMaxU="108543.000000" sensorMinV="0.000000" sensorMaxV="109439.000000" focalLengthU="134671.125000" focalLengthV="134547.656250" centerPointU="56506.980469" centerPointV="55844.796875" skew="0.000000" radialDistortion1="-0.347520" radialDistortion2="0.151799" radialDistortion3="0.000000" tangentalDistortion1="0.001937" tangentalDistortion2="0.000519"/>
        </camera>
        <camera active="1" calibrated="true" message="" point-count="1841" avg-residual="0.828270" serial="17902" model="Oqus 700+" viewrotation="180">
            <fov_marker left="0" top="0" right="4095" bottom="3071"/>
            <fov_marker_max left="0" top="0" right="4095" bottom="3071"/>
            <fov_video left="0" top="0" right="4095" bottom="3071"/>
            <fov_video_max left="0" top="0" right="4095" bottom="3071"/>
            <transform x="405.626984" y="2474.492676" z="2772.630127" r11="0.999419" r12="0.020272" r13="-0.027398" r21="-0.034047" r22="0.630477" r23="-0.775460" r31="0.001554" r32="0.775943" r33="0.630801"/>
            <intrinsic focallength="16.675898" sensorMinU="0.000000" sensorMaxU="262143.000000" sensorMinV="0.000000" sensorMaxV="196607.000000" focalLengthU="194046.593750" focalLengthV="194047.031250" centerPointU="131554.375000" centerPointV="98214.398438" skew="0.000000" radialDistortion1="-0.082344" radialDistortion2="0.056474" radialDistortion3="0.000000" tangentalDistortion1="-0.000258" tangentalDistortion2="0.000173"/>
        </camera>
        <camera active="1" calibrated="true" message="" point-count="1774" avg-residual="1.518813" serial="12271" model="Oqus 400" viewrotation="180">
            <fov_marker left="0" top="0" right="1695" bottom="1709"/>
            <fov_marker_max left="0" top="0" right="1695" bottom="1709"/>
            <fov_video left="0" top="0" right="1695" bottom="1709"/>
            <fov_video_max left="0" top="0" right="1695" bottom="1709"/>
            <transform x="3970.917480" y="2415.534424" z="2776.794434" r11="0.758120" r12="-0.633532" r13="-0.154572" r21="0.223211" r22="0.474814" r23="-0.851310" r31="0.612725" r32="0.610892" r33="0.501377"/>
            <intrinsic focallength="16.741640" sensorMinU="0.000000" sensorMaxU="108543.000000" sensorMinV="0.000000" sensorMaxV="109439.000000" focalLengthU="133854.000000" focalLengthV="133992.515625" centerPointU="52142.152344" centerPointV="56216.066406" skew="0.000000" radialDistortion1="-0.376902" radialDistortion2="0.233119" radialDistortion3="0.000000" tangentalDistortion1="0.000140" tangentalDistortion2="-0.000413"/>
        </camera>
        <camera active="1" calibrated="true" message="" point-count="1883" avg-residual="1.560185" serial="12302" model="Oqus 400" viewrotation="180">
            <fov_marker left="0" top="0" right="1695" bottom="1709"/>
            <fov_marker_max left="0" top="0" right="1695" bottom="1709"/>
            <fov_video left="0" top="0" right="1695" bottom="1709"/>
            <fov_video_max left="0" top="0" right="1695" bottom="1709"/>
            <transform x="-2710.585205" y="-2537.436768" z="2801.956543" r11="-0.770540" r12="0.626980" r13="-0.114735" r21="-0.247817" r22="-0.460536" r23="-0.852346" r31="-0.587243" r32="-0.628334" r33="0.510237"/>
            <intrinsic focallength="16.767799" sensorMinU="0.000000" sensorMaxU="108543.000000" sensorMinV="0.000000" sensorMaxV="109439.000000" focalLengthU="134174.546875" focalLengthV="134090.468750" centerPointU="54429.835938" centerPointV="57207.628906" skew="0.000000" radialDistortion1="-0.352919" radialDistortion2="0.165629" radialDistortion3="0.000000" tangentalDistortion1="0.000257" tangentalDistortion2="-0.000459"/>
        </camera>
        <camera active="1" calibrated="true" message="" point-count="2115" avg-residual="1.465366" serial="18174" model="Oqus 700+" viewrotation="180">
            <fov_marker left="0" top="0" right="4095" bottom="3071"/>
            <fov_marker_max left="0" top="0" right="4095" bottom="3071"/>
            <fov_video left="0" top="0" right="4095" bottom="3071"/>
            <fov_video_max left="0" top="0" right="4095" bottom="3071"/>
            <transform x="381.542480" y="-2575.231934" z="2702.242432" r11="-0.990243" r12="-0.139332" r13="0.002276" r21="0.079377" r22="-0.577417" r23="-0.812582" r31="0.114533" r32="-0.804473" r33="0.582843"/>
            <intrinsic focallength="16.712540" sensorMinU="0.000000" sensorMaxU="262143.000000" sensorMinV="0.000000" sensorMaxV="196607.000000" focalLengthU="194456.000000" focalLengthV="194490.359375" centerPointU="132042.406250" centerPointV="99843.375000" skew="0.000000" radialDistortion1="-0.081348" radialDistortion2="0.053481" radialDistortion3="0.000000" tangentalDistortion1="-0.000231" tangentalDistortion2="-0.000012"/>
        </camera>
        <camera active="1" calibrated="true" message="" point-count="2206" avg-residual="1.169403" serial="12352" model="Oqus 400" viewrotation="180">
            <fov_marker left="0" top="0" right="1695" bottom="1709"/>
            <fov_marker_max left="0" top="0" right="1695" bottom="1709"/>
            <fov_video left="0" top="0" right="1695" bottom="1709"/>
            <fov_video_max left="0" top="0" right="1695" bottom="1709"/>
            <transform x="3903.674072" y="-2618.323242" z="2697.984619" r11="-0.594718" r12="-0.803779" r13="-0.015815" r21="0.346427" r22="-0.238471" r23="-0.907259" r31="0.725464" r32="-0.545043" r33="0.420274"/>
            <intrinsic focallength="16.659422" sensorMinU="0.000000" sensorMaxU="108543.000000" sensorMinV="0.000000" sensorMaxV="109439.000000" focalLengthU="133300.500000" focalLengthV="133230.593750" centerPointU="56618.093750" centerPointV="55765.167969" skew="0.000000" radialDistortion1="-0.358192" radialDistortion2="0.176515" radialDistortion3="0.000000" tangentalDistortion1="0.001242" tangentalDistortion2="-0.000118"/>
        </camera>
    </cameras>
</calibration>
