<?xml version="1.0"?>
<calibration calibrated="true" source="20240224_144109.qca" created="Calibration carried out: 2024-02-24 14:41:09" qtm-version="2020.2 (build 5770)" type="regular" wandLength="300.200000" maximumFrames="1500" lengthOfCalibration="30" shortArmEnd="200.000000" longArmEnd="300.000000" longArmMiddle="90.000000">
    <results std-dev="0.755298" min-max-diff="9.367975"/>
    <cameras>
        <camera active="1" calibrated="true" message="" point-count="1260" avg-residual="0.769175" serial="12351" model="Oqus 400" viewrotation="180">
            <fov_marker left="0" top="0" right="1695" bottom="1709"/>
            <fov_marker_max left="0" top="0" right="1695" bottom="1709"/>
            <fov_video left="0" top="0" right="1695" bottom="1709"/>
            <fov_video_max left="0" top="0" right="1695" bottom="1709"/>
            <transform x="-656.856262" y="-2579.232666" z="2731.730957" r11="-0.979835" r12="0.194661" r13="-0.045066" r21="-0.069707" r22="-0.544402" r23="-0.835923" r31="-0.187255" r32="-0.815925" r33="0.546994"/>
            <intrinsic focallength="16.748114" sensorMinU="0.000000" sensorMaxU="108543.000000" sensorMinV="0.000000" sensorMaxV="109439.000000" focalLengthU="133964.500000" focalLengthV="133985.562500" centerPointU="53218.144531" centerPointV="56800.664063" skew="0.000000" radialDistortion1="-0.361258" radialDistortion2="0.169218" radialDistortion3="0.000000" tangentalDistortion1="0.000968" tangentalDistortion2="0.000180"/>
        </camera>
        <camera active="1" calibrated="true" message="" point-count="1731" avg-residual="1.045437" serial="12310" model="Oqus 400" viewrotation="180">
            <fov_marker left="0" top="0" right="1695" bottom="1709"/>
            <fov_marker_max left="0" top="0" right="1695" bottom="1709"/>
            <fov_video left="0" top="0" right="1695" bottom="1709"/>
            <fov_video_max left="0" top="0" right="1695" bottom="1709"/>
            <transform x="-2867.213867" y="-87.630920" z="2807.219482" r11="0.036929" r12="0.998837" r13="0.031014" r21="-0.539732" r22="0.046055" r23="-0.840576" r31="-0.841026" r32="0.014302" r33="0.540805"/>
            <intrinsic focallength="16.903275" sensorMinU="0.000000" sensorMaxU="108543.000000" sensorMinV="0.000000" sensorMaxV="109439.000000" focalLengthU="135206.609375" focalLengthV="135225.843750" centerPointU="57359.507813" centerPointV="56365.828125" skew="0.000000" radialDistortion1="-0.360975" radialDistortion2="0.168160" radialDistortion3="0.000000" tangentalDistortion1="0.000352" tangentalDistortion2="0.000074"/>
        </camera>
        <camera active="1" calibrated="true" message="" point-count="1827" avg-residual="1.544747" serial="12272" model="Oqus 400" viewrotation="180">
            <fov_marker left="0" top="0" right="1695" bottom="1709"/>
            <fov_marker_max left="0" top="0" right="1695" bottom="1709"/>
            <fov_video left="0" top="0" right="1695" bottom="1709"/>
            <fov_video_max left="0" top="0" right="1695" bottom="1709"/>
            <transform x="-2672.275391" y="2523.040283" z="2841.104736" r11="0.580241" r12="0.812430" r13="-0.057259" r21="-0.481551" r22="0.285527" r23="-0.828603" r31="-0.656833" r32="0.508362" r33="0.556901"/>
            <intrinsic focallength="16.820002" sensorMinU="0.000000" sensorMaxU="108543.000000" sensorMinV="0.000000" sensorMaxV="109439.000000" focalLengthU="134601.468750" focalLengthV="134498.718750" centerPointU="56260.441406" centerPointV="53355.015625" skew="0.000000" radialDistortion1="-0.349916" radialDistortion2="0.169106" radialDistortion3="0.000000" tangentalDistortion1="0.000114" tangentalDistortion2="0.001175"/>
        </camera>
        <camera active="1" calibrated="true" message="" point-count="1799" avg-residual="1.811045" serial="12275" model="Oqus 400" viewrotation="180">
            <fov_marker left="0" top="0" right="1695" bottom="1709"/>
            <fov_marker_max left="0" top="0" right="1695" bottom="1709"/>
            <fov_video left="0" top="0" right="1695" bottom="1709"/>
            <fov_video_max left="0" top="0" right="1695" bottom="1709"/>
            <transform x="4344.714844" y="-394.962799" z="2718.915039" r11="-0.019275" r12="-0.999475" r13="-0.026047" r21="0.483644" r22="0.013480" r23="-0.875161" r31="0.875053" r32="-0.029466" r33="0.483130"/>
            <intrinsic focallength="16.827415" sensorMinU="0.000000" sensorMaxU="108543.000000" sensorMinV="0.000000" sensorMaxV="109439.000000" focalLengthU="134671.125000" focalLengthV="134547.656250" centerPointU="56506.980469" centerPointV="55844.796875" skew="0.000000" radialDistortion1="-0.347520" radialDistortion2="0.151799" radialDistortion3="0.000000" tangentalDistortion1="0.001937" tangentalDistortion2="0.000519"/>
        </camera>
        <camera active="1" calibrated="true" message="" point-count="1961" avg-residual="1.082662" serial="17902" model="Oqus 700+" viewrotation="180">
            <fov_marker left="0" top="0" right="4095" bottom="3071"/>
            <fov_marker_max left="0" top="0" right="4095" bottom="3071"/>
            <fov_video left="0" top="0" right="4095" bottom="3071"/>
            <fov_video_max left="0" top="0" right="4095" bottom="3071"/>
            <transform x="406.537384" y="2476.130371" z="2777.239746" r11="0.999404" r12="0.020480" r13="-0.027793" r21="-0.034484" r22="0.630998" r23="-0.775018" r31="0.001665" r32="0.775514" r33="0.631328"/>
            <intrinsic focallength="16.675898" sensorMinU="0.000000" sensorMaxU="262143.000000" sensorMinV="0.000000" sensorMaxV="196607.000000" focalLengthU="194046.593750" focalLengthV="194047.031250" centerPointU="131554.375000" centerPointV="98214.398438" skew="0.000000" radialDistortion1="-0.082344" radialDistortion2="0.056474" radialDistortion3="0.000000" tangentalDistortion1="-0.000258" tangentalDistortion2="0.000173"/>
        </camera>
        <camera active="1" calibrated="true" message="" point-count="1722" avg-residual="1.729263" serial="12271" model="Oqus 400" viewrotation="180">
            <fov_marker left="0" top="0" right="1695" bottom="1709"/>
            <fov_marker_max left="0" top="0" right="1695" bottom="1709"/>
            <fov_video left="0" top="0" right="1695" bottom="1709"/>
            <fov_video_max left="0" top="0" right="1695" bottom="1709"/>
            <transform x="3972.998291" y="2414.545654" z="2778.074219" r11="0.757898" r12="-0.633857" r13="-0.154323" r21="0.223584" r22="0.474607" r23="-0.851328" r31="0.612862" r32="0.610716" r33="0.501424"/>
            <intrinsic focallength="16.741640" sensorMinU="0.000000" sensorMaxU="108543.000000" sensorMinV="0.000000" sensorMaxV="109439.000000" focalLengthU="133854.000000" focalLengthV="133992.515625" centerPointU="52142.152344" centerPointV="56216.066406" skew="0.000000" radialDistortion1="-0.376902" radialDistortion2="0.233119" radialDistortion3="0.000000" tangentalDistortion1="0.000140" tangentalDistortion2="-0.000413"/>
        </camera>
        <camera active="1" calibrated="true" message="" point-count="1560" avg-residual="1.821356" serial="12302" model="Oqus 400" viewrotation="180">
            <fov_marker left="0" top="0" right="1695" bottom="1709"/>
            <fov_marker_max left="0" top="0" right="1695" bottom="1709"/>
            <fov_video left="0" top="0" right="1695" bottom="1709"/>
            <fov_video_max left="0" top="0" right="1695" bottom="1709"/>
            <transform x="-2707.250977" y="-2535.235596" z="2800.933838" r11="-0.770508" r12="0.626993" r13="-0.114881" r21="-0.247833" r22="-0.460714" r23="-0.852245" r31="-0.587278" r32="-0.628190" r33="0.510374"/>
            <intrinsic focallength="16.767799" sensorMinU="0.000000" sensorMaxU="108543.000000" sensorMinV="0.000000" sensorMaxV="109439.000000" focalLengthU="134174.546875" focalLengthV="134090.468750" centerPointU="54429.835938" centerPointV="57207.628906" skew="0.000000" radialDistortion1="-0.352919" radialDistortion2="0.165629" radialDistortion3="0.000000" tangentalDistortion1="0.000257" tangentalDistortion2="-0.000459"/>
        </camera>
        <camera active="1" calibrated="true" message="" point-count="1486" avg-residual="2.156552" serial="18174" model="Oqus 700+" viewrotation="180">
            <fov_marker left="0" top="0" right="4095" bottom="3071"/>
            <fov_marker_max left="0" top="0" right="4095" bottom="3071"/>
            <fov_video left="0" top="0" right="4095" bottom="3071"/>
            <fov_video_max left="0" top="0" right="4095" bottom="3071"/>
            <transform x="378.507721" y="-2577.485352" z="2700.354980" r11="-0.990466" r12="-0.137736" r13="0.002514" r21="0.078144" r22="-0.576778" r23="-0.813155" r31="0.113451" r32="-0.805205" r33="0.582042"/>
            <intrinsic focallength="16.712540" sensorMinU="0.000000" sensorMaxU="262143.000000" sensorMinV="0.000000" sensorMaxV="196607.000000" focalLengthU="194456.000000" focalLengthV="194490.359375" centerPointU="132042.406250" centerPointV="99843.375000" skew="0.000000" radialDistortion1="-0.081348" radialDistortion2="0.053481" radialDistortion3="0.000000" tangentalDistortion1="-0.000231" tangentalDistortion2="-0.000012"/>
        </camera>
        <camera active="1" calibrated="true" message="" point-count="1874" avg-residual="1.994753" serial="12352" model="Oqus 400" viewrotation="180">
            <fov_marker left="0" top="0" right="1695" bottom="1709"/>
            <fov_marker_max left="0" top="0" right="1695" bottom="1709"/>
            <fov_video left="0" top="0" right="1695" bottom="1709"/>
            <fov_video_max left="0" top="0" right="1695" bottom="1709"/>
            <transform x="3914.090576" y="-2620.110840" z="2694.711670" r11="-0.593858" r12="-0.804414" r13="-0.015857" r21="0.345645" r22="-0.237276" r23="-0.907871" r31="0.726541" r32="-0.544627" r33="0.418950"/>
            <intrinsic focallength="16.659422" sensorMinU="0.000000" sensorMaxU="108543.000000" sensorMinV="0.000000" sensorMaxV="109439.000000" focalLengthU="133300.500000" focalLengthV="133230.593750" centerPointU="56618.093750" centerPointV="55765.167969" skew="0.000000" radialDistortion1="-0.358192" radialDistortion2="0.176515" radialDistortion3="0.000000" tangentalDistortion1="0.001242" tangentalDistortion2="-0.000118"/>
        </camera>
    </cameras>
</calibration>
